##FastQC	0.11.9
>>Basic Statistics	pass
#Measure	Value
Filename	ERR1795073_2.fastq.gz
File type	Conventional base calls
Encoding	Sanger / Illumina 1.9
Total Sequences	848614
Sequences flagged as poor quality	0
Sequence length	35-251
%GC	57
>>END_MODULE
>>Per base sequence quality	warn
#Base	Mean	Median	Lower Quartile	Upper Quartile	10th Percentile	90th Percentile
1	30.096635219310546	32.0	32.0	33.0	18.0	34.0
2	30.585224848989057	32.0	32.0	33.0	18.0	34.0
3	31.066412998135785	32.0	32.0	33.0	29.0	34.0
4	31.529642452281013	33.0	32.0	33.0	29.0	34.0
5	31.133461149592158	33.0	32.0	33.0	29.0	34.0
6	33.9154232666442	37.0	33.0	37.0	30.0	37.0
7	33.629799885460294	37.0	33.0	37.0	29.0	37.0
8	33.35408913828902	35.0	33.0	37.0	29.0	37.0
9	33.782768137221396	35.0	33.0	37.0	30.0	37.0
10-14	34.531728677584866	36.2	34.6	37.4	31.0	37.4
15-19	35.80871373793032	38.0	37.0	38.0	32.0	38.0
20-24	35.95422088252138	38.0	37.0	38.4	32.0	38.4
25-29	36.00822281979793	38.0	37.0	39.0	32.0	39.0
30-34	35.9324135590504	38.0	36.6	39.0	32.0	39.0
35-39	35.86676733490256	38.0	36.4	39.0	32.0	39.0
40-44	35.797012221142424	38.0	36.4	39.0	31.8	39.0
45-49	35.3968129775139	38.0	36.0	39.0	30.0	39.0
50-54	35.422861159853326	38.0	36.0	39.0	30.0	39.0
55-59	35.38830293878353	38.0	36.0	39.0	29.6	39.0
60-64	35.387600287988604	38.0	36.0	39.0	29.2	39.0
65-69	35.35262826857091	38.0	36.0	39.0	29.0	39.0
70-74	35.17120156089713	38.0	36.0	39.0	27.4	39.0
75-79	35.121916056029555	38.0	36.0	39.0	27.4	39.0
80-84	35.00099928656577	38.0	36.0	39.0	25.6	39.0
85-89	34.93847388099594	38.0	35.4	39.0	26.2	39.0
90-94	34.66931590016646	38.0	34.8	39.0	19.8	39.0
95-99	34.65651228851222	38.0	34.4	39.0	21.6	39.0
100-104	34.551231508538685	38.0	34.0	39.0	19.0	39.0
105-109	34.3937662137515	38.0	34.0	39.0	17.2	39.0
110-114	34.311161147951665	38.0	34.0	39.0	16.6	39.0
115-119	34.09383802842361	38.0	34.0	39.0	16.0	39.0
120-124	33.86214677526222	38.0	33.8	38.0	15.8	39.0
125-129	33.56464669770746	37.6	33.0	38.0	15.0	39.0
130-134	33.403033915856284	37.0	33.0	38.0	15.0	39.0
135-139	32.99528516665597	37.0	32.0	38.0	14.6	39.0
140-144	32.82687455331922	37.0	32.0	38.0	14.0	39.0
145-149	32.52157032116976	37.0	31.2	38.0	14.0	39.0
150-154	32.13369314138838	37.0	30.6	38.0	14.0	39.0
155-159	31.88690412653791	37.0	30.0	38.0	14.0	38.4
160-164	31.575972803590854	37.0	28.8	37.4	13.6	38.0
165-169	31.307585090707864	37.0	26.6	37.0	13.0	38.0
170-174	31.02921245465965	36.4	26.0	37.0	13.0	38.0
175-179	30.619810262322538	36.0	26.0	37.0	13.0	38.0
180-184	30.378182109242072	35.2	25.6	37.0	13.0	38.0
185-189	29.963502177068413	34.6	24.2	37.0	13.0	37.4
190-194	29.644875943467667	33.6	24.0	37.0	13.0	37.0
195-199	29.292427408648912	33.0	24.0	37.0	12.4	37.0
200-204	28.92795458885417	33.0	24.0	37.0	12.0	37.0
205-209	28.637682454287738	33.0	24.0	37.0	12.0	37.0
210-214	28.19977319614942	33.0	16.2	37.0	12.0	37.0
215-219	27.750122609330408	32.2	14.0	37.0	12.0	37.0
220-224	27.354728866894483	32.0	14.0	37.0	12.0	37.0
225-229	27.01808367899083	31.6	14.0	37.0	12.0	37.0
230-234	26.38881509713852	30.0	14.0	37.0	12.0	37.0
235-239	25.8746480705043	27.0	14.0	36.8	12.0	37.0
240-244	25.315417559219494	26.0	14.0	35.8	12.0	37.0
245-249	24.935490771082673	26.0	14.0	35.0	12.0	37.0
250-251	22.482037478438848	20.0	13.5	30.5	12.0	36.0
>>END_MODULE
>>Per tile sequence quality	pass
#Tile	Base	Mean
1101	1	-0.8862504963326892
1101	2	-0.46768168577381175
1101	3	-0.488294973348367
1101	4	0.047972148104264534
1101	5	-0.276167321871128
1101	6	0.09084475712513296
1101	7	0.09581441054140072
1101	8	-0.14543831479034708
1101	9	0.19601301266941107
1101	10-14	-0.02569505158100327
1101	15-19	0.0019978891195506776
1101	20-24	-0.1161834285779264
1101	25-29	-0.3383455492615113
1101	30-34	-0.2561754216581704
1101	35-39	-0.38547180930194
1101	40-44	-0.2706143556385783
1101	45-49	-0.2561655957012974
1101	50-54	-0.460589400197442
1101	55-59	-0.23014129654259818
1101	60-64	-0.1642406946924524
1101	65-69	-0.07059464001324756
1101	70-74	-0.1430028108419208
1101	75-79	-0.3901630122354902
1101	80-84	-0.2707487896754799
1101	85-89	-0.12339626224283506
1101	90-94	-0.20499240510836358
1101	95-99	-0.018594412345521505
1101	100-104	-0.13107701257952442
1101	105-109	-0.23823823273357903
1101	110-114	-0.23455325021382833
1101	115-119	-0.2708292815982034
1101	120-124	-0.504808345890531
1101	125-129	-0.5287020438996635
1101	130-134	-0.35283549828864835
1101	135-139	-0.3189163572116058
1101	140-144	-0.4561542633043416
1101	145-149	-0.6154531432229788
1101	150-154	-0.5340068281503179
1101	155-159	-0.3142725314470489
1101	160-164	-0.2669593242062973
1101	165-169	-0.2734066434998219
1101	170-174	-0.27450521659516625
1101	175-179	-0.5314672295460845
1101	180-184	-0.46565650638863687
1101	185-189	-0.4819931735739722
1101	190-194	-0.461568008633197
1101	195-199	-0.23325903834286166
1101	200-204	-0.4910149026301056
1101	205-209	-0.6051304027725664
1101	210-214	-0.7889468256383196
1101	215-219	-0.8852994337014444
1101	220-224	-0.7585214624769776
1101	225-229	-0.7207702587855351
1101	230-234	-0.24251528852695614
1101	235-239	-0.5169239506560928
1101	240-244	-0.6220986508204511
1101	245-249	-0.6903857528593953
1101	250-251	-0.44298677178938206
1102	1	-0.5688408230363109
1102	2	-0.19218888734512163
1102	3	-0.08008581342292231
1102	4	0.06343609461945832
1102	5	-0.018333401295066665
1102	6	0.29412786931175106
1102	7	-0.003210895632150823
1102	8	-0.14528912100449531
1102	9	0.21038909667208827
1102	10-14	0.04362551715929186
1102	15-19	0.23982702403434786
1102	20-24	0.16594138380240508
1102	25-29	-0.09350203560991588
1102	30-34	-0.048133982712755596
1102	35-39	0.07809188746293216
1102	40-44	0.1671591844473994
1102	45-49	0.08901307207899123
1102	50-54	-0.19779438263219618
1102	55-59	0.16653627105591795
1102	60-64	0.24381929766878585
1102	65-69	0.16150470566949338
1102	70-74	0.3482610100119743
1102	75-79	0.1237886719362109
1102	80-84	0.2795357126770881
1102	85-89	0.2658789246783968
1102	90-94	0.24157664772491216
1102	95-99	0.45303068914189026
1102	100-104	0.26711666525430644
1102	105-109	0.04861935330879419
1102	110-114	0.35278399845565644
1102	115-119	0.06133206645909439
1102	120-124	0.21063440474950568
1102	125-129	0.20755599800516933
1102	130-134	0.2527368481719918
1102	135-139	0.3094554287127096
1102	140-144	0.16249042884702192
1102	145-149	-0.05637871536044514
1102	150-154	0.10306124053740717
1102	155-159	0.18732276076720566
1102	160-164	0.4025522292600705
1102	165-169	0.44152127919488393
1102	170-174	0.5111953625037948
1102	175-179	0.4498639326872045
1102	180-184	0.6091004742847872
1102	185-189	0.45932301655009056
1102	190-194	0.3876863827772432
1102	195-199	0.5698901209013307
1102	200-204	0.4106655809574278
1102	205-209	0.42766656521270363
1102	210-214	0.35214098947388095
1102	215-219	0.4312943297394547
1102	220-224	0.4825830481814357
1102	225-229	0.5544612519732759
1102	230-234	0.7005060463173756
1102	235-239	0.854355663363993
1102	240-244	0.5230836873755607
1102	245-249	0.5960110743618117
1102	250-251	0.46207038109909604
1103	1	-0.2045844737825604
1103	2	0.07000380033531783
1103	3	0.08084242059936031
1103	4	0.03731647205424693
1103	5	-0.14006921557374596
1103	6	-0.07920304583226567
1103	7	-0.6630330272148939
1103	8	-0.30652364683026434
1103	9	0.13741691004997136
1103	10-14	0.05309314474571636
1103	15-19	0.2865282503522124
1103	20-24	0.2980701008780855
1103	25-29	0.12471804190000313
1103	30-34	0.13740336762752747
1103	35-39	0.32007750078106767
1103	40-44	0.06404002409321663
1103	45-49	0.08408774678226649
1103	50-54	-0.24918108990231502
1103	55-59	-0.07204933494686827
1103	60-64	-0.031148918283335547
1103	65-69	0.1299970813646425
1103	70-74	0.2906871847103929
1103	75-79	0.2180610145882511
1103	80-84	0.45593621062676704
1103	85-89	0.36701492351891574
1103	90-94	0.4904881314542635
1103	95-99	0.456484723706545
1103	100-104	0.4335854370110397
1103	105-109	0.1752311007096239
1103	110-114	0.12669192728565548
1103	115-119	-0.03749265905057797
1103	120-124	0.04754667454831463
1103	125-129	-0.07092646584698059
1103	130-134	-0.10572955415918273
1103	135-139	-0.5999362342829784
1103	140-144	0.10776025231613318
1103	145-149	0.10953034851374355
1103	150-154	0.018396429737684628
1103	155-159	0.23746935789712964
1103	160-164	0.12388953865121977
1103	165-169	0.40104892855180907
1103	170-174	0.27636362930977754
1103	175-179	0.28537335359902727
1103	180-184	0.4073776542139349
1103	185-189	-0.052263027653733474
1103	190-194	0.40721449055760317
1103	195-199	-0.09803848761249867
1103	200-204	0.22815945797185933
1103	205-209	0.6169440961026069
1103	210-214	-0.11624898320614818
1103	215-219	-0.16182583894026337
1103	220-224	0.5052861101411636
1103	225-229	0.4732828614065454
1103	230-234	0.28678432173763113
1103	235-239	0.5813083495416151
1103	240-244	0.4827657414693114
1103	245-249	0.6558419467241272
1103	250-251	0.7103130466292171
1104	1	-0.13009923232737464
1104	2	-0.22726779555913978
1104	3	-0.2917651537924755
1104	4	0.060508043112847076
1104	5	-0.13235049255074216
1104	6	-0.052996859198422896
1104	7	-0.1732100099305498
1104	8	0.04635085856309473
1104	9	-0.26705408891247373
1104	10-14	0.09691623283404027
1104	15-19	0.44724260803757687
1104	20-24	0.4208604312331161
1104	25-29	0.336792190005589
1104	30-34	0.3967612844655335
1104	35-39	0.30439188884943746
1104	40-44	-0.0027607371856177565
1104	45-49	0.007043659829406579
1104	50-54	-0.14942328413321349
1104	55-59	0.0607115595972374
1104	60-64	0.31222697060312044
1104	65-69	0.32431397555138375
1104	70-74	0.556645886173655
1104	75-79	0.5185504465641415
1104	80-84	0.4140303463279267
1104	85-89	0.36060770717732993
1104	90-94	0.5084546773042007
1104	95-99	0.5193490884029757
1104	100-104	0.6531969580925434
1104	105-109	0.19022895165520737
1104	110-114	0.033960673154155074
1104	115-119	0.11788438022846748
1104	120-124	0.18046374619985528
1104	125-129	0.11090086217800632
1104	130-134	0.11392658964621916
1104	135-139	-0.539234962997611
1104	140-144	0.12688427845569805
1104	145-149	0.15898986933222403
1104	150-154	-0.13450712315657398
1104	155-159	0.021352114945901945
1104	160-164	0.14359767853422056
1104	165-169	0.04365948383752638
1104	170-174	0.51397192775541
1104	175-179	0.47831836802644645
1104	180-184	0.47095543778126014
1104	185-189	0.2512775749015965
1104	190-194	0.34514377389638895
1104	195-199	-0.0995114330790301
1104	200-204	0.27126771120452986
1104	205-209	0.358545912980329
1104	210-214	-0.2865919871293805
1104	215-219	-0.20954869555245637
1104	220-224	0.13516773398638904
1104	225-229	0.34668842385536536
1104	230-234	-0.2741565774307233
1104	235-239	0.04097656565810581
1104	240-244	0.3705947976165298
1104	245-249	0.07266034683617306
1104	250-251	0.07389235384182768
1105	1	-0.12600846005109645
1105	2	-0.0357691647197953
1105	3	-0.17474559692046654
1105	4	-0.12236544709565322
1105	5	-0.47767071721174403
1105	6	-0.6554902501611508
1105	7	-1.6898556398016034
1105	8	-0.782851914919334
1105	9	-1.5004053293758375
1105	10-14	-0.5713110211647248
1105	15-19	0.08709682549326914
1105	20-24	-0.40638766742700483
1105	25-29	0.09969373290349637
1105	30-34	-0.2766492400283127
1105	35-39	-0.1306067166979048
1105	40-44	-0.15542021470785272
1105	45-49	-0.41439981784348134
1105	50-54	-0.41947082339503794
1105	55-59	-0.37020964399402345
1105	60-64	-0.15059788825595177
1105	65-69	0.07944684242168876
1105	70-74	0.2012327135700076
1105	75-79	0.030502302145322346
1105	80-84	0.22086277324741843
1105	85-89	0.17224073052358335
1105	90-94	0.23994321064074597
1105	95-99	0.25309081458469507
1105	100-104	0.16052929247178582
1105	105-109	0.1531813576288883
1105	110-114	0.5555927685146997
1105	115-119	0.2961875968301513
1105	120-124	0.4881122816546224
1105	125-129	0.4469820313339099
1105	130-134	0.33685046359147464
1105	135-139	0.36074307141668527
1105	140-144	0.4319431085586558
1105	145-149	0.6316791368001375
1105	150-154	0.42792449430046275
1105	155-159	0.44923062056873775
1105	160-164	0.25242151682000724
1105	165-169	0.4942344117137445
1105	170-174	0.6952744019559205
1105	175-179	0.6588501281391075
1105	180-184	0.5414467965921794
1105	185-189	0.5051758284758279
1105	190-194	0.6619520426430192
1105	195-199	0.513213287098381
1105	200-204	0.4302397069708128
1105	205-209	0.5786751981052163
1105	210-214	0.39566950019152003
1105	215-219	0.4545867562439163
1105	220-224	0.7136803895047272
1105	225-229	0.6223150729138354
1105	230-234	0.44983679624952444
1105	235-239	0.7418984566903362
1105	240-244	0.6039687603209849
1105	245-249	0.6553996286111072
1105	250-251	0.9147852979506617
1106	1	-0.4423513429046366
1106	2	-0.10580235192152543
1106	3	-0.13366317654249826
1106	4	-0.22256279492617992
1106	5	-0.27836420321034083
1106	6	-0.8041649323632569
1106	7	-0.2284066752821161
1106	8	-0.20434460687058476
1106	9	-1.054221911967609
1106	10-14	-0.3300512368581465
1106	15-19	-0.08111897976061044
1106	20-24	-0.3617045765385427
1106	25-29	-0.021812220003894822
1106	30-34	-0.12784049053865232
1106	35-39	-0.1098727827552537
1106	40-44	-0.11251421989118171
1106	45-49	-0.3180843136894751
1106	50-54	-0.28168293638715625
1106	55-59	-0.5558287410523803
1106	60-64	-0.5541254916995371
1106	65-69	-0.5102738600271337
1106	70-74	-0.3942110822961382
1106	75-79	-0.25576947880821876
1106	80-84	-0.4449345760824528
1106	85-89	-0.6793629196449871
1106	90-94	-0.33802568345026884
1106	95-99	-0.5496911874674382
1106	100-104	-0.4640323097347263
1106	105-109	-0.3465600073989563
1106	110-114	-0.038197475693287686
1106	115-119	-0.3352135534251559
1106	120-124	-0.15322452788741003
1106	125-129	0.05315342429828718
1106	130-134	-0.06590531573615266
1106	135-139	0.050188969410001505
1106	140-144	0.04679661497628729
1106	145-149	0.11789214284784322
1106	150-154	-0.13436953894501613
1106	155-159	0.2928736500013933
1106	160-164	-0.007173073424034726
1106	165-169	0.043557837502515184
1106	170-174	0.1603811196449456
1106	175-179	-0.10586307197572609
1106	180-184	-0.02993760637584586
1106	185-189	-0.019129742210253653
1106	190-194	1.0577731191219186E-4
1106	195-199	0.1048149019143878
1106	200-204	-0.09594962631445725
1106	205-209	-0.11005338538240395
1106	210-214	-0.05133969361610724
1106	215-219	-0.1965407973004183
1106	220-224	0.10295754656846157
1106	225-229	0.25385319440890086
1106	230-234	0.2133840986928348
1106	235-239	0.06373962750897277
1106	240-244	0.3567258288275923
1106	245-249	0.19993189009088752
1106	250-251	0.03794797361410929
1107	1	-0.18459075700699756
1107	2	0.002227241296758109
1107	3	0.013502232577646822
1107	4	0.18184078230302703
1107	5	-0.02511222651216727
1107	6	0.1627708366822347
1107	7	0.2670337131519105
1107	8	0.23554707507120298
1107	9	-0.3213694560007525
1107	10-14	0.38654982504403534
1107	15-19	0.2396982558365437
1107	20-24	0.2179464444301189
1107	25-29	0.3367372024957618
1107	30-34	0.46604005906723245
1107	35-39	0.2753581409049204
1107	40-44	0.16183417660005972
1107	45-49	0.13156529042671394
1107	50-54	0.20627640226424404
1107	55-59	0.05028488015919663
1107	60-64	0.22083985672205841
1107	65-69	0.26214832120265896
1107	70-74	0.38612629025928413
1107	75-79	0.4220533495253207
1107	80-84	0.27766324971798184
1107	85-89	0.12226524097388847
1107	90-94	0.38632809204835183
1107	95-99	0.3468868238599825
1107	100-104	0.4012410842386558
1107	105-109	0.2760148723924658
1107	110-114	0.14089947160935168
1107	115-119	-0.15294922129805855
1107	120-124	0.08416928976870253
1107	125-129	0.07446071657039255
1107	130-134	0.11309614823084502
1107	135-139	0.1490779429080078
1107	140-144	0.0018819161464875833
1107	145-149	0.29781112898587736
1107	150-154	0.08220146144725504
1107	155-159	0.1665280431197722
1107	160-164	-0.04649571165045785
1107	165-169	0.4609065784739492
1107	170-174	0.21819190565552304
1107	175-179	0.0480477563059587
1107	180-184	0.07828935803915016
1107	185-189	0.22120222460618777
1107	190-194	0.12521526507523006
1107	195-199	0.29299407542685785
1107	200-204	0.4059865561987124
1107	205-209	0.06970143025890607
1107	210-214	0.07918806659603561
1107	215-219	0.4865188365571207
1107	220-224	0.5006485232848448
1107	225-229	0.5833592380504591
1107	230-234	0.893709157242629
1107	235-239	0.8149258943995008
1107	240-244	0.7795705450151225
1107	245-249	0.8372930686069999
1107	250-251	0.3711084511379923
1108	1	-0.809929724873534
1108	2	-0.09956584272506319
1108	3	-0.25357817301226504
1108	4	-0.044495642658446855
1108	5	-0.15874083229899938
1108	6	0.17582799088547318
1108	7	0.26253442080655276
1108	8	0.15787659404693954
1108	9	0.2271033796226618
1108	10-14	0.35827951733701013
1108	15-19	0.11001912101002631
1108	20-24	-0.035886670533827214
1108	25-29	0.23918188440435273
1108	30-34	0.23076435802396844
1108	35-39	0.1547691661447459
1108	40-44	0.08999776186575303
1108	45-49	-0.15041113124912187
1108	50-54	0.020897677356039424
1108	55-59	0.21172533181646713
1108	60-64	0.12957203167007236
1108	65-69	0.25651646289261265
1108	70-74	0.252940527573557
1108	75-79	0.23178918385143277
1108	80-84	0.258024559200301
1108	85-89	0.118862176808058
1108	90-94	0.18265537626557915
1108	95-99	-0.06489243211804308
1108	100-104	0.14939865208657466
1108	105-109	0.18522900633806927
1108	110-114	-0.13893991603476508
1108	115-119	-0.2507267676846183
1108	120-124	-0.29167386880543944
1108	125-129	-0.3371003638131995
1108	130-134	-0.3020886096508235
1108	135-139	0.016727257236368587
1108	140-144	-0.1467389168176112
1108	145-149	-0.09844102024985091
1108	150-154	-0.31172397533516616
1108	155-159	-0.19653752423859316
1108	160-164	-0.2823903258041227
1108	165-169	0.010520314916558249
1108	170-174	0.0034870542371159274
1108	175-179	-0.33045074059717194
1108	180-184	-0.28103299156606454
1108	185-189	-0.05791120497939417
1108	190-194	0.03396139509408158
1108	195-199	0.23229093984002702
1108	200-204	-0.1353504534727854
1108	205-209	-0.6165338181744104
1108	210-214	-0.350434440239745
1108	215-219	0.2191031550222995
1108	220-224	0.2689858389067261
1108	225-229	0.24556543659778285
1108	230-234	0.3056191478659258
1108	235-239	0.2273391462512535
1108	240-244	0.33802162587406315
1108	245-249	0.19543999019535718
1108	250-251	0.02925588723996242
1109	1	0.2910855244695476
1109	2	0.3012047071197834
1109	3	0.022324631839886422
1109	4	-0.02096296798515951
1109	5	0.20561481876965715
1109	6	0.44282779119546944
1109	7	0.48908907088944176
1109	8	0.09141437190924506
1109	9	0.506382847369558
1109	10-14	0.44006341471536103
1109	15-19	0.2449804667304818
1109	20-24	0.11987286466391112
1109	25-29	0.41881578606177783
1109	30-34	0.35896343944995124
1109	35-39	0.19017915565044774
1109	40-44	0.27710974779964914
1109	45-49	0.19489405652432623
1109	50-54	0.19414126533837361
1109	55-59	0.24878680859652036
1109	60-64	0.13635719088542686
1109	65-69	0.18903258270281498
1109	70-74	0.3854330615998265
1109	75-79	0.4067412958354595
1109	80-84	0.3329762909386744
1109	85-89	0.43781490741169193
1109	90-94	0.144020933317762
1109	95-99	0.015073084196323805
1109	100-104	0.1821034902693981
1109	105-109	0.1862545851344919
1109	110-114	0.29647899266148414
1109	115-119	0.5290739719881614
1109	120-124	0.31078998730077956
1109	125-129	0.39350994023223507
1109	130-134	0.4648075644116645
1109	135-139	0.28122133279276085
1109	140-144	0.3471435223707857
1109	145-149	0.3801015016646332
1109	150-154	0.3805826050900194
1109	155-159	0.4644802444464524
1109	160-164	0.486138756835782
1109	165-169	0.5459895768145095
1109	170-174	0.5799844365154421
1109	175-179	0.5318958558726763
1109	180-184	0.3765637203123404
1109	185-189	0.5045336011924171
1109	190-194	0.4019882043962859
1109	195-199	0.6131425690925667
1109	200-204	0.5756186830961987
1109	205-209	0.30931545283208095
1109	210-214	0.41983380920195046
1109	215-219	0.7017610721151755
1109	220-224	0.6791247748263984
1109	225-229	0.5912735911765132
1109	230-234	0.6646357694697471
1109	235-239	0.4853008431086323
1109	240-244	0.3087188876101159
1109	245-249	0.5480589729086525
1109	250-251	0.20062752933173655
1110	1	-0.2736274852391887
1110	2	-0.24813328640772525
1110	3	0.03007764154862258
1110	4	-0.0020969485676829436
1110	5	0.08851553074376639
1110	6	0.25396513747379146
1110	7	-0.3538763660037674
1110	8	-0.33140142097101943
1110	9	0.07476394769318517
1110	10-14	0.06226955063770134
1110	15-19	-0.13259664653813275
1110	20-24	-0.09369275345907369
1110	25-29	0.14792574075433862
1110	30-34	0.11668056566354323
1110	35-39	0.19650551532441085
1110	40-44	0.15702312188739853
1110	45-49	0.08621208065138575
1110	50-54	0.04040902798767121
1110	55-59	0.4018242829947667
1110	60-64	0.35266196993268295
1110	65-69	0.35278391558670563
1110	70-74	0.425139322613056
1110	75-79	0.26853601986456255
1110	80-84	0.4105704983586165
1110	85-89	0.23281383387708843
1110	90-94	0.28523154599565714
1110	95-99	0.31923836185617915
1110	100-104	0.38333824347896694
1110	105-109	0.18316958859472976
1110	110-114	-0.025978655604433243
1110	115-119	0.32515074086807516
1110	120-124	0.1252106455958355
1110	125-129	0.10526645320709349
1110	130-134	0.06646195756696471
1110	135-139	-0.22112174848762578
1110	140-144	0.1317072367852461
1110	145-149	0.13198739761572398
1110	150-154	0.07340211571442268
1110	155-159	0.25340581614134905
1110	160-164	0.2910058258973862
1110	165-169	0.1927883791009677
1110	170-174	0.24269040863489622
1110	175-179	0.09018575113628557
1110	180-184	0.028023856053419394
1110	185-189	0.14454901589066083
1110	190-194	0.4059309496860699
1110	195-199	0.12527843841878195
1110	200-204	0.21516439521726483
1110	205-209	0.1586063380387337
1110	210-214	0.3474654248336897
1110	215-219	0.2427922138044778
1110	220-224	0.082348925369093
1110	225-229	0.4359266801901711
1110	230-234	-0.017189674708887992
1110	235-239	-0.03613142726557328
1110	240-244	0.4161570110425181
1110	245-249	0.3881008457527422
1110	250-251	0.4657258321603379
1111	1	0.460278770838606
1111	2	-0.18420019078373784
1111	3	0.24129994300729507
1111	4	0.3750103447872597
1111	5	0.29794801048444697
1111	6	0.3471665637298642
1111	7	0.090629565924921
1111	8	-0.017069103304891087
1111	9	0.35578359112916047
1111	10-14	0.16101760898453676
1111	15-19	0.09951755767580295
1111	20-24	0.22477643292667437
1111	25-29	0.19126919618383909
1111	30-34	0.17753875691151677
1111	35-39	0.24603175333070482
1111	40-44	0.22632257651329724
1111	45-49	0.16064476240543257
1111	50-54	0.36098445927715517
1111	55-59	0.29297740336197364
1111	60-64	0.13269908659451346
1111	65-69	0.20595676946472707
1111	70-74	0.1716073197829786
1111	75-79	-0.19826952058168246
1111	80-84	0.38642736149513013
1111	85-89	-0.034914528227020014
1111	90-94	0.04227526037229978
1111	95-99	0.05873490769553058
1111	100-104	0.02934952369992061
1111	105-109	0.5557478312882793
1111	110-114	0.4322117774586758
1111	115-119	0.5611316821390062
1111	120-124	0.5464483464430927
1111	125-129	0.5426974808991929
1111	130-134	0.3818428108840308
1111	135-139	0.45687033859724124
1111	140-144	0.526396644671955
1111	145-149	0.5650084037815759
1111	150-154	0.5224796863671131
1111	155-159	0.3645913106697627
1111	160-164	0.3723303314866975
1111	165-169	0.15261468418372814
1111	170-174	0.2859659852477314
1111	175-179	0.28917652800729954
1111	180-184	0.2517304646813976
1111	185-189	0.39468776628940816
1111	190-194	0.1935320630861952
1111	195-199	0.5173455482931395
1111	200-204	0.5182660371547385
1111	205-209	0.3139838158818442
1111	210-214	0.47249893949665633
1111	215-219	0.5783305599364503
1111	220-224	0.3856846260609039
1111	225-229	0.5652778407790606
1111	230-234	0.554132052488864
1111	235-239	0.39850264807319036
1111	240-244	0.680779077560917
1111	245-249	0.6360895510855293
1111	250-251	0.7815455974353398
1112	1	0.32185509208039775
1112	2	0.2114261981283576
1112	3	0.21449320855893106
1112	4	-0.023288185681085594
1112	5	-0.06377117028716128
1112	6	-0.20867939860868745
1112	7	-0.5618473969315971
1112	8	-1.0015365756101886
1112	9	0.04345642191998422
1112	10-14	-0.5764450679190034
1112	15-19	-0.9480128939608079
1112	20-24	-0.6258735988198865
1112	25-29	-0.9447191870807146
1112	30-34	-0.9284765065014113
1112	35-39	-0.6148376807936771
1112	40-44	-0.628397529069872
1112	45-49	-0.24938470596124773
1112	50-54	0.1865826942028761
1112	55-59	0.30612320898004697
1112	60-64	-0.040095185857140336
1112	65-69	-0.2879048712939962
1112	70-74	-0.37030583576849097
1112	75-79	-1.1092035838530379
1112	80-84	-0.3619989923053879
1112	85-89	-0.6147940592301993
1112	90-94	-0.5950426750146036
1112	95-99	-0.5672746327530049
1112	100-104	-0.5666203324026213
1112	105-109	0.4497054913760934
1112	110-114	0.3884173099828985
1112	115-119	0.5944343174129827
1112	120-124	0.5212072907950258
1112	125-129	0.47306406780104027
1112	130-134	0.44787209816576734
1112	135-139	0.7873650948017996
1112	140-144	0.5830416755822867
1112	145-149	0.2242136330515052
1112	150-154	0.27823950706734024
1112	155-159	0.5518252806427206
1112	160-164	0.5150012409831994
1112	165-169	0.4083261470568509
1112	170-174	0.4886794464078399
1112	175-179	0.5662037784742218
1112	180-184	0.4970884757674092
1112	185-189	0.564017926740604
1112	190-194	0.4341789398249567
1112	195-199	0.46850103968284884
1112	200-204	0.7170353331802062
1112	205-209	0.3156521661985643
1112	210-214	0.5650173530678053
1112	215-219	0.40571719132406514
1112	220-224	0.6192210614524818
1112	225-229	0.5276145148120648
1112	230-234	0.6589197553030814
1112	235-239	0.2624780705443648
1112	240-244	0.42624428872408515
1112	245-249	0.2017013582781928
1112	250-251	0.11540225516274916
1113	1	0.06460549766955026
1113	2	0.7594578648338093
1113	3	0.6123970481916423
1113	4	0.3609554861307984
1113	5	0.30459406025037694
1113	6	0.12836560184012313
1113	7	0.02902607836902149
1113	8	0.4293303171779712
1113	9	0.6298646764903424
1113	10-14	0.03462126169864632
1113	15-19	-0.1886161912011488
1113	20-24	0.3497533813361642
1113	25-29	-0.2588627997164892
1113	30-34	-0.12046599609073638
1113	35-39	-0.07349716939987161
1113	40-44	0.039905597227182454
1113	45-49	0.05060802232286221
1113	50-54	0.08382273184789568
1113	55-59	0.511634396907283
1113	60-64	0.3158028620269633
1113	65-69	-0.12921969628906993
1113	70-74	-0.05283674996289989
1113	75-79	-0.7589004758279856
1113	80-84	0.09795848090806203
1113	85-89	-0.009436032472343925
1113	90-94	-0.06591595211042289
1113	95-99	-0.29320039869102743
1113	100-104	-0.07479169644202699
1113	105-109	0.16292300514967195
1113	110-114	0.24880052037212863
1113	115-119	0.48501694356122727
1113	120-124	0.47989362074617503
1113	125-129	0.6824026360881916
1113	130-134	0.4176306157221532
1113	135-139	0.7038964154595959
1113	140-144	0.464722444448185
1113	145-149	0.4485567108767867
1113	150-154	0.5280704809795722
1113	155-159	0.6403510208117815
1113	160-164	0.5448585178166887
1113	165-169	0.3611576343867746
1113	170-174	0.6435335435920102
1113	175-179	0.8539729956409872
1113	180-184	0.6660091751211148
1113	185-189	0.7021041927586325
1113	190-194	0.7407496475816764
1113	195-199	0.9960225139299723
1113	200-204	0.6971244233597176
1113	205-209	0.7122585887892932
1113	210-214	0.6923103943946458
1113	215-219	0.8098649439192513
1113	220-224	0.41424787663130047
1113	225-229	0.5053415459445993
1113	230-234	0.8645795259618154
1113	235-239	0.544370038832632
1113	240-244	0.4648653376861027
1113	245-249	0.04903748136704067
1113	250-251	0.45891297175437984
1114	1	0.8830382482735963
1114	2	0.8283954888278053
1114	3	0.6228348959227823
1114	4	0.5567062815803645
1114	5	0.7509076707168489
1114	6	0.32724524514539155
1114	7	0.7817395693932738
1114	8	0.9261896422860474
1114	9	0.9226246206406898
1114	10-14	0.6151882693456443
1114	15-19	0.805729942963886
1114	20-24	0.8207777068370348
1114	25-29	0.7976054823424903
1114	30-34	0.7460813947348726
1114	35-39	0.8212340325063607
1114	40-44	0.8566078875012835
1114	45-49	0.8615134618612785
1114	50-54	0.8011209602036402
1114	55-59	0.9301820433390375
1114	60-64	0.917469642677176
1114	65-69	0.8507950483866011
1114	70-74	0.2030035725750139
1114	75-79	0.48135536208727103
1114	80-84	0.6851917765152322
1114	85-89	0.6774320414508495
1114	90-94	0.5526290394871012
1114	95-99	0.4092522457377328
1114	100-104	0.4519175706996421
1114	105-109	0.666240722607526
1114	110-114	0.5484335622736012
1114	115-119	0.5756761532952126
1114	120-124	0.46549373999896915
1114	125-129	0.6232601255627515
1114	130-134	0.30902622789566436
1114	135-139	0.5851444174139786
1114	140-144	0.0984510491238666
1114	145-149	0.11107570060446648
1114	150-154	0.22525080377140938
1114	155-159	0.46830577072802626
1114	160-164	0.19718693293008016
1114	165-169	0.10359111524679676
1114	170-174	0.4530583106662043
1114	175-179	0.5121633461937805
1114	180-184	0.5416882061328288
1114	185-189	0.4240018570106514
1114	190-194	0.26163625732421636
1114	195-199	0.6271362786434018
1114	200-204	0.08682348630063075
1114	205-209	0.2292953410435956
1114	210-214	0.36006579801684424
1114	215-219	0.4330687780113678
1114	220-224	0.17013271989053536
1114	225-229	0.3213417616135814
1114	230-234	-0.04985309758103895
1114	235-239	-0.050185987345045646
1114	240-244	0.12834823514140936
1114	245-249	-0.21592209451222288
1114	250-251	0.26444631633438576
2101	1	-0.2994089362589136
2101	2	-0.58357876952374
2101	3	-0.45655569847143695
2101	4	-0.45157551760813774
2101	5	-0.5250477190054781
2101	6	-0.5587351500554689
2101	7	-0.5276618290595962
2101	8	-0.4719076329402583
2101	9	-0.3144979179036085
2101	10-14	-0.39615020997748474
2101	15-19	-0.36690548237898923
2101	20-24	-0.40380996375662903
2101	25-29	-0.4411870054843803
2101	30-34	-0.3572531715480949
2101	35-39	-0.47867953153527765
2101	40-44	-0.5622450086558075
2101	45-49	-0.5790629819578896
2101	50-54	-0.6280515355570486
2101	55-59	-0.5049045258368139
2101	60-64	-0.5637134116258338
2101	65-69	-0.5535114588796546
2101	70-74	-0.41562341428239336
2101	75-79	-0.5482660757562812
2101	80-84	-0.6183965538304008
2101	85-89	-0.548366654332213
2101	90-94	-0.5490817870376432
2101	95-99	-0.6636789271097783
2101	100-104	-0.5812961022847887
2101	105-109	-0.8211916722339367
2101	110-114	-1.088986806956889
2101	115-119	-0.9644656405429544
2101	120-124	-0.9391974266568539
2101	125-129	-0.9536854778130959
2101	130-134	-1.160568928536847
2101	135-139	-1.0452679313111517
2101	140-144	-1.1595996576650904
2101	145-149	-1.131748462057427
2101	150-154	-1.1815026693062904
2101	155-159	-1.2216945299870225
2101	160-164	-1.0394860141203388
2101	165-169	-1.2714776859232195
2101	170-174	-1.411164218415756
2101	175-179	-1.4003095291737715
2101	180-184	-1.3248642596288143
2101	185-189	-1.5648942901667056
2101	190-194	-1.4909012213576496
2101	195-199	-1.4835315015013464
2101	200-204	-1.5201064890278317
2101	205-209	-1.5491074372077591
2101	210-214	-1.5576087188317587
2101	215-219	-1.7542109919487814
2101	220-224	-1.6690696081199974
2101	225-229	-1.5210177728400858
2101	230-234	-1.3398289202536837
2101	235-239	-1.6196728477135416
2101	240-244	-1.7379919351329711
2101	245-249	-1.7072675166983338
2101	250-251	-1.1277146290895352
2102	1	-0.23673491693317672
2102	2	-0.25936946127111327
2102	3	-0.4341445442437255
2102	4	-0.32201607425074386
2102	5	-0.19299452390104221
2102	6	-0.5626101630726623
2102	7	-0.18188816928245188
2102	8	-0.1481885247961543
2102	9	-0.1253104785363277
2102	10-14	-0.062403957559020284
2102	15-19	-0.18491011101900767
2102	20-24	-0.1834566223115317
2102	25-29	-0.2359355270052319
2102	30-34	-0.17820962012880415
2102	35-39	-0.20430244921554674
2102	40-44	-0.08980174227814786
2102	45-49	-0.14468907237364448
2102	50-54	-0.23975561071883789
2102	55-59	-0.21843430677074593
2102	60-64	-0.08404427920520874
2102	65-69	-0.12361257614029597
2102	70-74	-0.018518459921011754
2102	75-79	-0.06169383379032212
2102	80-84	-0.3785133804430032
2102	85-89	-0.16245521099332194
2102	90-94	-0.17742396565157748
2102	95-99	-0.14558062181217934
2102	100-104	-0.11528059926887124
2102	105-109	-0.3682037215456049
2102	110-114	-0.24122748502177416
2102	115-119	-0.46605418722398895
2102	120-124	-0.3046835967058712
2102	125-129	-0.36409006871345895
2102	130-134	-0.22171877934743378
2102	135-139	-0.17182142789018684
2102	140-144	-0.24968729976984605
2102	145-149	-0.4950554226481714
2102	150-154	-0.5128366997764289
2102	155-159	-0.3995808535579535
2102	160-164	-0.31549361456617575
2102	165-169	-0.5650328586725202
2102	170-174	-0.3797936169266052
2102	175-179	-0.5205565472412772
2102	180-184	-0.7041783909802746
2102	185-189	-0.5483072922283299
2102	190-194	-0.3914529610996489
2102	195-199	-0.5132741904991782
2102	200-204	-0.44115114854895054
2102	205-209	-0.45179698332157514
2102	210-214	-0.3601004470431768
2102	215-219	-0.2905828930522212
2102	220-224	-0.3626092065784512
2102	225-229	-0.37630569666001534
2102	230-234	-0.35021578367186024
2102	235-239	-0.20372032330125123
2102	240-244	-0.42252463804130613
2102	245-249	-0.4878396058639076
2102	250-251	-0.1031748219507378
2103	1	-0.2054688896956378
2103	2	-0.40883486642123046
2103	3	-0.2346658560881103
2103	4	-0.18470761703493466
2103	5	-0.20278958741963393
2103	6	-0.21778702998063437
2103	7	0.060750831835534314
2103	8	0.22598866680750973
2103	9	0.2072178031962224
2103	10-14	-0.023151154291412013
2103	15-19	0.057621011800833344
2103	20-24	0.19318286031541732
2103	25-29	-0.020076679232154504
2103	30-34	0.04367791340155236
2103	35-39	0.09056729284131393
2103	40-44	3.9611933000571753E-4
2103	45-49	0.08373885168430917
2103	50-54	-0.3760842947201155
2103	55-59	-0.2229379157898066
2103	60-64	-0.1775691863731197
2103	65-69	-0.23783247398676366
2103	70-74	-0.04339994412023884
2103	75-79	0.023433352878114988
2103	80-84	-0.0713171664450698
2103	85-89	0.1446469772197858
2103	90-94	0.08527823864041295
2103	95-99	-0.050680304003449805
2103	100-104	0.12071536811036054
2103	105-109	-0.6035255350380311
2103	110-114	-0.535993111287496
2103	115-119	-0.39977916742228814
2103	120-124	-0.327647458190377
2103	125-129	-0.5040598943085755
2103	130-134	-0.5948383888496735
2103	135-139	-0.7065015802833159
2103	140-144	-0.44151113613190773
2103	145-149	-0.5276709273715454
2103	150-154	-0.3964345940887739
2103	155-159	-0.5529216337903122
2103	160-164	-0.4562949531224696
2103	165-169	-0.5790368357657769
2103	170-174	-0.5160879203498148
2103	175-179	-0.678939093909154
2103	180-184	-0.7024940962886816
2103	185-189	-0.37254867712475814
2103	190-194	-0.5587377161775926
2103	195-199	-0.7880732111752025
2103	200-204	-0.305479833273651
2103	205-209	-0.27423902808298806
2103	210-214	-0.7025750150431271
2103	215-219	-0.8196987985315616
2103	220-224	-0.5012102036308939
2103	225-229	-0.3431020830918534
2103	230-234	-0.7060910674645164
2103	235-239	-0.40280337355606477
2103	240-244	-0.55997155365365
2103	245-249	-0.4807059896769026
2103	250-251	-0.42652291830193434
2104	1	0.041233308358677334
2104	2	-0.37689759451042804
2104	3	-0.1804740356771184
2104	4	-0.0756766751432103
2104	5	-0.11661535288410718
2104	6	-0.11392143805138488
2104	7	0.18555261699057013
2104	8	0.39364121990927714
2104	9	0.0437298163160591
2104	10-14	-0.02163210191314846
2104	15-19	-0.05267406967917765
2104	20-24	0.20109348728785648
2104	25-29	0.03948321457894366
2104	30-34	-0.02203410989498167
2104	35-39	-0.0027214871142930974
2104	40-44	0.019689395227210582
2104	45-49	-0.07713950768410172
2104	50-54	-0.14494516542887226
2104	55-59	-0.704140950924824
2104	60-64	-0.7333997955658873
2104	65-69	-0.4965481600900432
2104	70-74	-0.6722140115731392
2104	75-79	-0.3605673920028778
2104	80-84	-0.44348963477644077
2104	85-89	-0.11547262417841608
2104	90-94	-0.4623155688442324
2104	95-99	-0.3838644149098158
2104	100-104	-0.2820373941330274
2104	105-109	-0.7338472539187535
2104	110-114	-0.20885363624261544
2104	115-119	-0.23297135584380158
2104	120-124	-0.16415959656484347
2104	125-129	-0.25724226638512704
2104	130-134	-0.08713023160222377
2104	135-139	-0.5230080668250707
2104	140-144	-0.20996491891508384
2104	145-149	-0.12812510997266457
2104	150-154	-0.21596710854120005
2104	155-159	-0.20938847853060594
2104	160-164	-0.13713336613479044
2104	165-169	-0.395160409408998
2104	170-174	-0.3188496356054422
2104	175-179	-0.5080139204615399
2104	180-184	-0.40428679539995827
2104	185-189	-0.41234011494633194
2104	190-194	-0.3556880711139776
2104	195-199	-0.6869714426448326
2104	200-204	-0.48902360940630984
2104	205-209	-0.26623803321767525
2104	210-214	-0.34715396981332347
2104	215-219	-0.7909170846504843
2104	220-224	-0.7039362081303615
2104	225-229	-0.4826940340697661
2104	230-234	-0.5950261534238628
2104	235-239	-0.4901799504948521
2104	240-244	-0.6459581532997731
2104	245-249	-0.5169690270888694
2104	250-251	-0.3153129266833332
2105	1	-0.03388903525625864
2105	2	-0.21920032635309994
2105	3	-0.03354751379449894
2105	4	-0.10187762456632043
2105	5	0.006742256588765372
2105	6	-0.0704188297505226
2105	7	0.08083647797028704
2105	8	-0.1366576585947783
2105	9	-0.5727835292614074
2105	10-14	-0.3737341967163488
2105	15-19	-0.10196695449306503
2105	20-24	-0.22674176131157253
2105	25-29	-0.18929469488923445
2105	30-34	-0.2533082195873959
2105	35-39	-0.35558363927730596
2105	40-44	-0.08171766387017954
2105	45-49	-0.18535107596548528
2105	50-54	-0.2661406693434145
2105	55-59	-0.4928694055017715
2105	60-64	-0.4064038300376609
2105	65-69	-0.2863482249167788
2105	70-74	-0.6506896869997476
2105	75-79	-0.40086171684186667
2105	80-84	-0.6708128056172669
2105	85-89	-0.012349282125633465
2105	90-94	-0.34966373788233795
2105	95-99	-0.38865995778917295
2105	100-104	-0.36260066432974725
2105	105-109	-0.48511812968755663
2105	110-114	-0.23244029741833572
2105	115-119	-0.16734544158509834
2105	120-124	-0.23706922766587013
2105	125-129	-0.20068722956063567
2105	130-134	-0.3108590685277548
2105	135-139	-0.19371067520132357
2105	140-144	-0.10529023245231173
2105	145-149	-0.0847134114742687
2105	150-154	0.0851914084977281
2105	155-159	-0.20832226919045738
2105	160-164	-0.3179536559339837
2105	165-169	-0.3094560118852421
2105	170-174	-0.353459642966925
2105	175-179	-0.3447684596475007
2105	180-184	-0.2301930798007774
2105	185-189	-0.2376150044755292
2105	190-194	-0.3504193251953893
2105	195-199	-0.4439344986228022
2105	200-204	-0.22000268392002909
2105	205-209	-0.08816419879725856
2105	210-214	-0.22519922134225467
2105	215-219	-0.7137610368122544
2105	220-224	-0.6079919711389721
2105	225-229	-0.3425400950801816
2105	230-234	-0.722461651501451
2105	235-239	-0.3319597372418528
2105	240-244	-0.35214402854882465
2105	245-249	-0.26469506784964736
2105	250-251	-0.5383017362949154
2106	1	-0.1875672383256095
2106	2	-0.502204851305958
2106	3	-0.2329231725988592
2106	4	-0.2832436953144324
2106	5	-0.08355072217581849
2106	6	-0.3055662338975864
2106	7	-0.16656820450893406
2106	8	-0.047287760644024956
2106	9	-0.40517401693811905
2106	10-14	-0.7865122872001464
2106	15-19	-0.7025961713963227
2106	20-24	-0.6864829409799214
2106	25-29	-0.6550350226757615
2106	30-34	-0.7412733669357223
2106	35-39	-0.7759588662064658
2106	40-44	-0.46232783077204687
2106	45-49	-0.7837982347032195
2106	50-54	-0.27194787780805285
2106	55-59	-0.7571733442479527
2106	60-64	-0.5102160650643697
2106	65-69	-0.5868760741714851
2106	70-74	-1.11294318259624
2106	75-79	-0.5711648694878804
2106	80-84	-1.0485414327848446
2106	85-89	-0.6813879797121061
2106	90-94	-0.8286063631576042
2106	95-99	-0.7257760499308787
2106	100-104	-0.7708119976095631
2106	105-109	-1.0646493704891
2106	110-114	-0.5368797161926366
2106	115-119	-0.3154419692146959
2106	120-124	-0.45432414320732306
2106	125-129	-0.4680229255901267
2106	130-134	-0.41525251185223766
2106	135-139	-0.293555617941891
2106	140-144	-0.2801579324408294
2106	145-149	-0.22611205491914177
2106	150-154	-0.28049178180402023
2106	155-159	-0.4607387939577521
2106	160-164	-0.3519380155762484
2106	165-169	-0.4767018847338633
2106	170-174	-0.5569106124717038
2106	175-179	-0.5415566337323696
2106	180-184	-0.2515014407911771
2106	185-189	-0.1928848587797809
2106	190-194	-0.7924500770386267
2106	195-199	-0.6055261521655808
2106	200-204	-0.23841113520293433
2106	205-209	-0.3642169627401408
2106	210-214	-0.3210765565078617
2106	215-219	-0.44891418825187657
2106	220-224	-0.5552418251670801
2106	225-229	-0.5396659999490261
2106	230-234	-0.9349962453255252
2106	235-239	-0.1275706559367542
2106	240-244	-0.1263442724464845
2106	245-249	-0.5070189967317091
2106	250-251	-0.2370565289972042
2107	1	-0.0702402070736845
2107	2	0.043417873446045974
2107	3	-0.1698557848388802
2107	4	-0.04630087013631368
2107	5	-0.15166802525490297
2107	6	-0.20936933909650435
2107	7	-0.11769413935039097
2107	8	-0.04626546882744975
2107	9	-0.36310835539754294
2107	10-14	-0.3102563702662664
2107	15-19	-0.17374994397913923
2107	20-24	-0.1553263274038983
2107	25-29	-0.19482858825863048
2107	30-34	-0.18394827847072293
2107	35-39	-0.3292866692942127
2107	40-44	-0.09087757196469681
2107	45-49	-0.2641554992173809
2107	50-54	-0.1414678821521207
2107	55-59	-0.3797594602433847
2107	60-64	-0.3306711254933745
2107	65-69	-0.06012607967954153
2107	70-74	0.06900737164994553
2107	75-79	0.08857807361597736
2107	80-84	-0.108164095618001
2107	85-89	0.02383702092490836
2107	90-94	-0.11716890264211344
2107	95-99	0.09654096882110963
2107	100-104	0.01747641975294556
2107	105-109	-0.10635414469346216
2107	110-114	-0.19570751344336657
2107	115-119	-0.1457957756578665
2107	120-124	-0.31349832344954365
2107	125-129	-0.3569544054224494
2107	130-134	-0.2841002340678571
2107	135-139	0.03695965404241974
2107	140-144	-0.0040925348284091
2107	145-149	-0.20029885899858613
2107	150-154	-0.21782631509280748
2107	155-159	-0.04632092497343265
2107	160-164	-0.14277425426017132
2107	165-169	0.03579149919690039
2107	170-174	-0.3695876671399567
2107	175-179	-0.16412418116722094
2107	180-184	-0.12895337480023272
2107	185-189	-0.21166280217858002
2107	190-194	-0.22851872111701255
2107	195-199	-0.4724485244376382
2107	200-204	-0.28616536382718394
2107	205-209	-0.1156260613601745
2107	210-214	-0.03419825647879904
2107	215-219	-0.07039614566557617
2107	220-224	0.09610769500736893
2107	225-229	0.12405245643558871
2107	230-234	-0.15935179400283417
2107	235-239	0.19635950815765213
2107	240-244	-0.09353674951944058
2107	245-249	-0.12413349667388474
2107	250-251	-0.4937544451684417
2108	1	0.028188009088200516
2108	2	-0.14335740310140466
2108	3	-0.14378919799757028
2108	4	-0.23827976866492762
2108	5	-0.18957224883483903
2108	6	-0.29594526771259666
2108	7	0.09938159185685436
2108	8	0.06364402473401043
2108	9	0.08868472565104213
2108	10-14	0.04367563167497934
2108	15-19	-0.24933171298869894
2108	20-24	-0.21587186529050229
2108	25-29	-0.165878291660583
2108	30-34	-0.18485994649205395
2108	35-39	-0.2263664760848414
2108	40-44	-0.30745385307038475
2108	45-49	-0.29716352214202857
2108	50-54	-0.10412279943462721
2108	55-59	-0.1621204671217953
2108	60-64	-0.24112452220053626
2108	65-69	-0.12323181241949754
2108	70-74	0.0022361121964848962
2108	75-79	0.07831735408945661
2108	80-84	-0.02998488283659384
2108	85-89	-0.19665926122574007
2108	90-94	-0.12141946180375385
2108	95-99	-0.043400311893954324
2108	100-104	-0.3261451810794469
2108	105-109	-0.07583815029136076
2108	110-114	-0.21420696877829926
2108	115-119	-0.004530137272219292
2108	120-124	-0.1990152517539201
2108	125-129	-0.247054233064965
2108	130-134	-0.23104446669068324
2108	135-139	-0.046892103696364984
2108	140-144	-0.048585198080189684
2108	145-149	-0.19462228639432766
2108	150-154	-0.16683677750252102
2108	155-159	-0.10804901594001137
2108	160-164	-0.12235421656995271
2108	165-169	-0.2114123127089833
2108	170-174	-0.30424404201043487
2108	175-179	0.02705595495916313
2108	180-184	0.06776749798959258
2108	185-189	-0.1914097154592298
2108	190-194	-0.03994916577770269
2108	195-199	-0.12437105968153261
2108	200-204	-0.19392350609529174
2108	205-209	-0.16078028426755608
2108	210-214	-0.09965831610055886
2108	215-219	-0.10149814450424088
2108	220-224	-0.07151214767926106
2108	225-229	-0.10310277261925549
2108	230-234	-0.16642815662247656
2108	235-239	0.012001893627541449
2108	240-244	-0.08539844681886777
2108	245-249	-0.11153239507900992
2108	250-251	-0.4167432895447476
2109	1	0.09669424137951665
2109	2	-0.12195889791851755
2109	3	-0.21003359455340487
2109	4	-0.22256627492478032
2109	5	-0.140746679851393
2109	6	-0.1719319455870334
2109	7	0.18654346395045707
2109	8	-0.10351621495401275
2109	9	0.03187934337663734
2109	10-14	0.011364791971907096
2109	15-19	-0.12341053273825509
2109	20-24	-0.15097865535572907
2109	25-29	-0.09419921411812737
2109	30-34	-0.10132725121023611
2109	35-39	-0.183327273713779
2109	40-44	-0.2773857620160527
2109	45-49	-0.19273898382451193
2109	50-54	-0.1554981101744488
2109	55-59	-0.04263987350790899
2109	60-64	-0.2201443069858513
2109	65-69	-0.06080792743991026
2109	70-74	0.02440920906062871
2109	75-79	0.201413670746021
2109	80-84	0.032960948329396444
2109	85-89	-0.02978975830391306
2109	90-94	0.10396990157454411
2109	95-99	0.09281568778285276
2109	100-104	0.005542163056880156
2109	105-109	-0.05460683884148665
2109	110-114	-0.3878652195108998
2109	115-119	-0.3982939796683027
2109	120-124	-0.3711582451839206
2109	125-129	-0.28983256033576765
2109	130-134	-0.17181520834378006
2109	135-139	-0.06681011291036043
2109	140-144	-0.30397089132549127
2109	145-149	-0.37677120306710776
2109	150-154	-0.19847650561519004
2109	155-159	-0.3943721884127349
2109	160-164	-0.3007132622447024
2109	165-169	-0.2648398227348139
2109	170-174	-0.6626060909182847
2109	175-179	-0.31616900331910003
2109	180-184	-0.395281242843172
2109	185-189	-0.5060927294273228
2109	190-194	-0.31307685445723976
2109	195-199	-0.3678518884425941
2109	200-204	-0.4884057211532138
2109	205-209	-0.2018411042659949
2109	210-214	-0.37458195179305775
2109	215-219	-0.37965664998709414
2109	220-224	-0.2836813973542007
2109	225-229	-0.6331843823455081
2109	230-234	-0.5545551420590904
2109	235-239	-0.7070368826102325
2109	240-244	-0.796582221911649
2109	245-249	-0.5278147082581413
2109	250-251	-1.0731414281130576
2110	1	0.3184655901443989
2110	2	0.2579346522180259
2110	3	0.24044156416369944
2110	4	0.07624487931757074
2110	5	0.18193279558699516
2110	6	0.28028145501881596
2110	7	0.13013131911964848
2110	8	0.11037501665406779
2110	9	0.14340213315015404
2110	10-14	0.1505917280893314
2110	15-19	-0.056412651875021425
2110	20-24	0.020428618121989928
2110	25-29	0.14210643721865068
2110	30-34	0.020300771133854312
2110	35-39	0.08423390039067868
2110	40-44	0.07543134254607509
2110	45-49	0.3022524455336608
2110	50-54	0.22313648651872597
2110	55-59	-0.05910121434006044
2110	60-64	-0.21086800450193977
2110	65-69	0.05698354639988423
2110	70-74	-0.16269579188777072
2110	75-79	0.1654684621254674
2110	80-84	-0.07131919698608868
2110	85-89	-0.2118617562769387
2110	90-94	-0.10578218213250778
2110	95-99	0.24665996166381632
2110	100-104	-0.06049087963594246
2110	105-109	0.17754961263712232
2110	110-114	-0.054313717990538635
2110	115-119	-0.19483890652988833
2110	120-124	-0.07844150086882706
2110	125-129	-0.20695636963701958
2110	130-134	0.029218106727661564
2110	135-139	0.07956100569447244
2110	140-144	-0.03537748586408185
2110	145-149	0.056200060519593364
2110	150-154	0.1395790160148067
2110	155-159	-0.144032134465661
2110	160-164	0.08586911417080145
2110	165-169	0.02840803736912889
2110	170-174	-0.23980469171413077
2110	175-179	0.008310588348262371
2110	180-184	-0.09308398095191706
2110	185-189	-0.25708413257754614
2110	190-194	0.033246134578128306
2110	195-199	0.2326057028112416
2110	200-204	0.06826897040149049
2110	205-209	0.009448989089896997
2110	210-214	-0.08237425584871261
2110	215-219	-0.11228398148775298
2110	220-224	-0.04686480950164196
2110	225-229	-0.4384480858752795
2110	230-234	-0.23273117409491206
2110	235-239	-0.27508202606919596
2110	240-244	-0.517968798324766
2110	245-249	-0.06899836662887893
2110	250-251	-0.4481009669979805
2111	1	0.45648798274110547
2111	2	0.4922500305052466
2111	3	0.25708637718080496
2111	4	0.0424849890349428
2111	5	0.25278429921667467
2111	6	0.21424520315522955
2111	7	0.18425223826552894
2111	8	0.2789205494723319
2111	9	0.2484556389903929
2111	10-14	0.2091580629529659
2111	15-19	0.02541472948814061
2111	20-24	0.09348454703354747
2111	25-29	0.09532446653430071
2111	30-34	0.17385463462905193
2111	35-39	0.17231350552373215
2111	40-44	0.1715090224244804
2111	45-49	0.4842215585285601
2111	50-54	0.4029801172691023
2111	55-59	0.20251554279368378
2111	60-64	0.08791845343412774
2111	65-69	0.061442918956366555
2111	70-74	-0.1784317068575234
2111	75-79	0.07235899608504326
2111	80-84	-0.054125516502743665
2111	85-89	-0.1351219588734125
2111	90-94	0.0775485052180187
2111	95-99	0.13751763574384057
2111	100-104	-0.12732633480188582
2111	105-109	0.22024960022356765
2111	110-114	0.202540394935113
2111	115-119	0.05217580717410897
2111	120-124	0.12636797047661474
2111	125-129	-0.01434775625749296
2111	130-134	0.21610994681447693
2111	135-139	0.10188647061150391
2111	140-144	-0.0021750013929633383
2111	145-149	-0.13557702325561394
2111	150-154	0.06903887503290917
2111	155-159	-0.07452265269387937
2111	160-164	-0.07592284874390032
2111	165-169	-0.002623154450834164
2111	170-174	-0.22793115036380485
2111	175-179	-0.27134197959142625
2111	180-184	-0.32399742111963903
2111	185-189	-0.08127441463329887
2111	190-194	-0.22791535354668824
2111	195-199	-0.06758785393220634
2111	200-204	-0.47458421242630067
2111	205-209	-0.09857009500369074
2111	210-214	0.2387427428215183
2111	215-219	0.2037282472631432
2111	220-224	-0.342674851527903
2111	225-229	-0.7642001056603966
2111	230-234	-0.2391837965429353
2111	235-239	-0.28343745516392005
2111	240-244	-0.5656454979906584
2111	245-249	-0.5138782393037609
2111	250-251	-0.2188134099116965
2112	1	0.5055867416323387
2112	2	0.36889366357592834
2112	3	0.33528336891050614
2112	4	0.23140105731659233
2112	5	0.4457118955688735
2112	6	0.6176194558784971
2112	7	0.5638406395536109
2112	8	0.6051236133539248
2112	9	0.4778401948327726
2112	10-14	0.38875608349157176
2112	15-19	0.23254860615882222
2112	20-24	0.29478314585443144
2112	25-29	0.30785023372589393
2112	30-34	0.4551811893967823
2112	35-39	0.27980531986710133
2112	40-44	0.3505080042578754
2112	45-49	0.5221716926805797
2112	50-54	0.49070957068029486
2112	55-59	0.4499015599722398
2112	60-64	0.5592032041902399
2112	65-69	0.3234455157707501
2112	70-74	0.21042680962810323
2112	75-79	0.2696406012730108
2112	80-84	0.14843874655993972
2112	85-89	0.1605756277211654
2112	90-94	0.2964085603224049
2112	95-99	0.34127095611705016
2112	100-104	0.18479817419922284
2112	105-109	0.42031325529830355
2112	110-114	0.20412535484911132
2112	115-119	0.004909842917513174
2112	120-124	0.27965474432910753
2112	125-129	0.34317997889321816
2112	130-134	0.23855148289724326
2112	135-139	0.32380018017471457
2112	140-144	0.19032007194458345
2112	145-149	0.33475189436943253
2112	150-154	0.45713530472104225
2112	155-159	-0.0017203805126619898
2112	160-164	0.06180141484240664
2112	165-169	0.06423694339228447
2112	170-174	-0.020511869468901267
2112	175-179	0.20118379017266008
2112	180-184	0.19136966362485097
2112	185-189	0.11076492013883055
2112	190-194	0.029921359430915118
2112	195-199	0.009280162986431861
2112	200-204	-0.017747619911705925
2112	205-209	0.07552350764236238
2112	210-214	0.49735611834107374
2112	215-219	0.6790819410097981
2112	220-224	-0.19026767427778069
2112	225-229	0.09682730513810256
2112	230-234	0.2688503184764812
2112	235-239	-0.17820254221505039
2112	240-244	0.18765414364865407
2112	245-249	0.27005702777085006
2112	250-251	0.21510233061212602
2113	1	0.3985191814274778
2113	2	0.492360046925608
2113	3	0.4932243082152894
2113	4	0.20516971809898266
2113	5	0.4993688640771019
2113	6	0.6418051374737885
2113	7	0.614270300662902
2113	8	0.47338524569565266
2113	9	0.3417906143598515
2113	10-14	0.3772588839710309
2113	15-19	0.3428620201285426
2113	20-24	0.30843791320760516
2113	25-29	0.2457284074210051
2113	30-34	0.35092589899687
2113	35-39	0.32711281070611165
2113	40-44	0.2259246689270924
2113	45-49	0.49009159354247345
2113	50-54	0.552743317333082
2113	55-59	0.5385492700518171
2113	60-64	0.5778020363690146
2113	65-69	0.23870054187256073
2113	70-74	0.44317157311023436
2113	75-79	0.43447798554284844
2113	80-84	0.5195770712470846
2113	85-89	0.5922852734548911
2113	90-94	0.3906951079819976
2113	95-99	0.4422207360148178
2113	100-104	0.5824682984277629
2113	105-109	0.4359110333399272
2113	110-114	0.3585886801654752
2113	115-119	0.34932643159692134
2113	120-124	0.28508890835453116
2113	125-129	0.43224187418226023
2113	130-134	0.47584973582934964
2113	135-139	0.2690470582524185
2113	140-144	0.26276235542101034
2113	145-149	0.3937805947785833
2113	150-154	0.4642300207133516
2113	155-159	0.25623654775042937
2113	160-164	0.3104388356409977
2113	165-169	0.3661317557532584
2113	170-174	0.28956769716676334
2113	175-179	0.2572205386391282
2113	180-184	0.13094721472381465
2113	185-189	0.26106734879692794
2113	190-194	0.3611311983682235
2113	195-199	0.2829675787467423
2113	200-204	0.276895659856244
2113	205-209	0.46378571963531456
2113	210-214	0.6705037437059111
2113	215-219	0.6847317707984573
2113	220-224	0.5053487850930303
2113	225-229	0.04831673564869021
2113	230-234	0.47884015122694734
2113	235-239	-0.15435731088291504
2113	240-244	0.3864006533702309
2113	245-249	0.5334566656041808
2113	250-251	0.3119476679354811
2114	1	0.7935538309943588
2114	2	0.34843980842858713
2114	3	0.3543146445860863
2114	4	0.12296980809785651
2114	5	0.13944423813492435
2114	6	0.3297268384525225
2114	7	0.5458260437161115
2114	8	-0.14950923062339427
2114	9	0.03712631016365009
2114	10-14	0.04491313079294201
2114	15-19	0.1412180331783759
2114	20-24	-0.06701248616241173
2114	25-29	0.13044479846610813
2114	30-34	0.10578196829601438
2114	35-39	0.3298406811062051
2114	40-44	0.15805785847229004
2114	45-49	0.36448614746066
2114	50-54	0.5223511517058554
2114	55-59	0.4005579211947605
2114	60-64	0.4319901030679887
2114	65-69	0.033819627104712424
2114	70-74	0.24454471259232236
2114	75-79	0.6197938164316383
2114	80-84	0.05219299775408359
2114	85-89	-0.12090709790170706
2114	90-94	-0.11206454351284378
2114	95-99	-0.29287303450097113
2114	100-104	-0.160266836547855
2114	105-109	0.4115636891891654
2114	110-114	0.2446183386714651
2114	115-119	0.38442810954676077
2114	120-124	0.18781986186966293
2114	125-129	0.31098647139670277
2114	130-134	0.4399061990979831
2114	135-139	0.214832181514943
2114	140-144	-0.038996130659931794
2114	145-149	0.3093891152499779
2114	150-154	0.4301964673216361
2114	155-159	-0.021498626792642028
2114	160-164	0.07599070248808815
2114	165-169	0.1946630130919509
2114	170-174	0.27311114565370787
2114	175-179	0.4557377241600946
2114	180-184	0.47710319161726034
2114	185-189	0.6447059070629848
2114	190-194	0.3870835938828314
2114	195-199	0.39889612435122856
2114	200-204	0.4958003033408538
2114	205-209	0.2628946727826609
2114	210-214	0.6072957584908956
2114	215-219	0.6045548846413773
2114	220-224	0.43205571067869286
2114	225-229	-0.030466623967708273
2114	230-234	0.24478738217781526
2114	235-239	0.15370776469453773
2114	240-244	0.07226632522578669
2114	245-249	0.37808140903112175
2114	250-251	0.42853998060337517
>>END_MODULE
>>Per sequence quality scores	pass
#Quality	Count
2	822.0
3	0.0
4	0.0
5	0.0
6	0.0
7	0.0
8	0.0
9	0.0
10	0.0
11	0.0
12	0.0
13	4.0
14	35.0
15	318.0
16	1212.0
17	2908.0
18	5100.0
19	7232.0
20	9271.0
21	11266.0
22	13348.0
23	15490.0
24	17770.0
25	20171.0
26	22848.0
27	25636.0
28	28965.0
29	33054.0
30	37327.0
31	43333.0
32	50029.0
33	59883.0
34	73221.0
35	92432.0
36	122731.0
37	130190.0
38	24018.0
>>END_MODULE
>>Per base sequence content	fail
#Base	G	A	T	C
1	45.32503255515504	18.165422650838885	11.979943193613527	24.52960160039255
2	18.990507105516446	16.9181827618095	35.381319946401945	28.709990186272105
3	23.180921735520034	21.176302678015364	26.182365485873895	29.46041010059071
4	15.799276237567705	14.929015607601864	32.51516881499236	36.75653933983807
5	18.424802310000565	32.29730877385019	31.183710155321116	18.09417876082813
6	35.95162492686885	31.467860041142163	16.307419744465623	16.273095287523354
7	30.022340385377543	26.128932568365826	19.29883745069545	24.549889595561176
8	29.181214260101534	30.621897823994566	16.7059844867609	23.490903429143
9	25.51345141261064	14.135778587200635	18.196090550512388	42.15467944967634
10-14	29.053848113688264	18.835610621473194	22.433615792552892	29.676925472285653
15-19	28.645280917961006	22.67827485987129	20.899725404344462	27.776718817823237
20-24	28.19488742521751	21.7925151452243	21.8273114160077	28.185286013550492
25-29	28.370048313737335	21.756515749146015	21.65809538188612	28.21534055523053
30-34	28.334945363957196	21.730731122728216	21.626554626606527	28.30776888670806
35-39	28.31912536416995	21.856995851985943	21.623804326861904	28.200074456982204
40-44	28.343303078274584	21.71857850514631	21.598861123341788	28.339257293237317
45-49	28.278401849737744	21.683730045121514	21.66492051967422	28.372947585466523
50-54	28.343354151901025	21.706757868800214	21.58217943290412	28.367708546394642
55-59	28.488211936387792	21.616049062652714	21.512110040848178	28.383628960111313
60-64	28.406412921342266	21.62527274915116	21.536686839119326	28.431627490387246
65-69	28.38193606480108	21.688572934335916	21.501092913485603	28.4283980873774
70-74	28.469036379719736	21.544831916728587	21.50753679312017	28.47859491043151
75-79	28.521142324915406	21.507106378651468	21.46010169533284	28.511649601100288
80-84	28.423899793571188	21.617419896751667	21.501821701537576	28.45685860813957
85-89	28.502499922793106	21.45529769398202	21.46874506818159	28.57345731504328
90-94	28.508280524313218	21.452367431198592	21.421544713562266	28.617807330925928
95-99	28.450403405556074	21.538378637875542	21.456374885493563	28.554843071074814
100-104	28.554086335466483	21.479237238030123	21.370231907979246	28.596444518524144
105-109	28.51363548210878	21.465761894868887	21.38048924197645	28.640113381045886
110-114	28.535398250909083	21.430115736790867	21.41822827833196	28.61625773396809
115-119	28.585668041172024	21.449666084434515	21.341538440123262	28.623127434270202
120-124	28.613683040933047	21.401849593693726	21.29443113253991	28.69003623283332
125-129	28.46986177913216	21.456070752091648	21.359384776617823	28.714682692158366
130-134	28.634157847435304	21.331064800541956	21.263245192150528	28.771532159872216
135-139	28.62230962250148	21.32402166943509	21.255029863632004	28.79863884443143
140-144	28.572894725638744	21.42046594887618	21.225214029553616	28.781425295931463
145-149	28.661662252678223	21.332016301951914	21.14898692796325	28.857334517406613
150-154	28.69525451928051	21.23754162579198	21.13364630447738	28.93355755045013
155-159	28.67189999425773	21.293210585465495	21.09787084813335	28.937018572143426
160-164	28.714688894756808	21.219039648089556	21.11812687779852	28.948144579355116
165-169	28.71570366144548	21.208154022959995	21.08692574173519	28.989216573859338
170-174	28.71729187530948	21.16952547848103	21.105405505654204	29.007777140555284
175-179	28.79188960562723	21.095442877621096	21.00967909290929	29.102988423842387
180-184	28.810072904553063	21.10118589209687	21.00021940141332	29.088521801936746
185-189	28.836599577453214	21.092000150178176	20.938041261717245	29.13335901065136
190-194	28.86133912315972	20.993067338362444	20.898438787057028	29.247154751420812
195-199	28.8175810845998	20.999514159241453	20.92991932291369	29.252985433245055
200-204	28.828786220976856	21.035068765985216	20.839645937941896	29.296499075096037
205-209	28.941638449899642	20.93567164087515	20.76550392508992	29.35718598413529
210-214	28.99177504288213	20.895645136618725	20.73461781930276	29.37796200119639
215-219	28.97179267573628	20.80548394454941	20.696543160993496	29.526180218720814
220-224	29.03462811852818	20.7621767820325	20.671255584995247	29.531939514444073
225-229	29.051358097291292	20.674114696549925	20.577442928666326	29.697084277492458
230-234	29.084403301866235	20.608825170192553	20.516973492673657	29.789798035267555
235-239	29.180540143114374	20.52239673497254	20.4109074587037	29.886155663209387
240-244	29.18651915740751	20.374169381492198	20.328163148265592	30.111148312834697
245-249	29.396802739003014	20.47503542938584	20.31525285356751	29.812908978043634
250-251	38.46702202352807	24.690047858545043	19.706454455573226	17.136475662353668
>>END_MODULE
>>Per sequence GC content	warn
#GC Content	Count
0	822.0
1	411.0
2	0.0
3	0.0
4	0.0
5	0.0
6	0.0
7	0.0
8	0.0
9	0.0
10	0.0
11	0.0
12	0.0
13	0.0
14	0.0
15	0.5
16	1.3333333333333333
17	1.8333333333333333
18	3.0
19	4.833333333333334
20	8.166666666666664
21	16.166666666666668
22	26.499999999999993
23	38.833333333333336
24	58.83333333333335
25	84.5
26	112.99999999999994
27	158.66666666666669
28	207.8333333333335
29	286.66666666666674
30	405.83333333333184
31	545.3333333333314
32	685.8333333333362
33	887.666666666679
34	1074.0000000000148
35	1283.999999999996
36	1584.3333333332896
37	1924.8333333332414
38	2336.166666666636
39	2748.3333333334194
40	3135.833333333521
41	3723.0000000003715
42	4362.333333333648
43	4966.833333333297
44	5614.666666666239
45	6434.499999999041
46	7566.666666664943
47	8785.999999998692
48	10169.000000000548
49	11775.000000002694
50	13549.333333338514
51	15405.66666667448
52	17574.000000005715
53	19769.833333332732
54	21806.833333326704
55	23734.499999987805
56	25609.33333331558
57	26797.499999978456
58	27613.999999975986
59	27955.16666664143
60	27320.666666643112
61	26248.833333313065
62	24349.499999985484
63	21996.66666665914
64	19291.333333334183
65	16446.50000000971
66	13348.333333338684
67	10434.333333334329
68	8116.666666664294
69	6106.1666666657775
70	4454.666666666984
71	3142.0000000002487
72	2163.999999999907
73	1526.9999999999484
74	1030.8333333333676
75	702.5000000000069
76	479.9999999999928
77	325.3333333333328
78	220.83333333333493
79	162.50000000000028
80	112.83333333333289
81	81.33333333333326
82	53.16666666666676
83	37.833333333333336
84	31.66666666666663
85	22.99999999999999
86	20.166666666666664
87	14.333333333333341
88	9.333333333333332
89	10.0
90	8.999999999999998
91	7.666666666666663
92	4.666666666666666
93	4.999999999999999
94	4.666666666666666
95	4.0
96	2.6666666666666665
97	2.333333333333333
98	1.6666666666666665
99	1.6666666666666665
100	4.5
>>END_MODULE
>>Per base N content	pass
#Base	N-Count
1	0.09686382737027671
2	0.09686382737027671
3	0.09686382737027671
4	0.09686382737027671
5	0.09686382737027671
6	0.09686382737027671
7	0.09686382737027671
8	0.09686382737027671
9	0.09686382737027671
10-14	0.09686382737027671
15-19	0.09686382737027671
20-24	0.09686382737027671
25-29	0.09686382737027671
30-34	0.09686382737027671
35-39	0.019401320564337684
40-44	0.0
45-49	0.0
50-54	0.0
55-59	0.0
60-64	0.0
65-69	0.0
70-74	0.0
75-79	0.0
80-84	0.0
85-89	0.0
90-94	0.0
95-99	0.0
100-104	0.0
105-109	0.0
110-114	0.0
115-119	0.0
120-124	0.0
125-129	0.0
130-134	0.0
135-139	0.0
140-144	0.0
145-149	0.0
150-154	0.0
155-159	0.0
160-164	0.0
165-169	0.0
170-174	0.0
175-179	0.0
180-184	0.0
185-189	0.0
190-194	0.0
195-199	0.0
200-204	0.0
205-209	0.0
210-214	0.0
215-219	0.0
220-224	0.0
225-229	0.0
230-234	0.0
235-239	0.0
240-244	0.0
245-249	0.0
250-251	0.0
>>END_MODULE
>>Sequence Length Distribution	warn
#Length	Count
35-39	2497.0
40-44	2032.0
45-49	2242.0
50-54	2294.0
55-59	2499.0
60-64	2569.0
65-69	2731.0
70-74	2661.0
75-79	2710.0
80-84	2762.0
85-89	2890.0
90-94	3006.0
95-99	2992.0
100-104	2974.0
105-109	2957.0
110-114	3001.0
115-119	3043.0
120-124	3033.0
125-129	3163.0
130-134	3058.0
135-139	3044.0
140-144	3059.0
145-149	2909.0
150-154	3088.0
155-159	3085.0
160-164	3029.0
165-169	3016.0
170-174	3084.0
175-179	3135.0
180-184	3085.0
185-189	3036.0
190-194	2892.0
195-199	3086.0
200-204	3117.0
205-209	3021.0
210-214	3072.0
215-219	3099.0
220-224	3059.0
225-229	3075.0
230-234	3116.0
235-239	3011.0
240-244	3012.0
245-249	50058.0
250-252	676312.0
>>END_MODULE
>>Sequence Duplication Levels	pass
#Total Deduplicated Percentage	84.6464601519911
#Duplication Level	Percentage of deduplicated	Percentage of total
1	87.33166190860464	73.92316039753862
2	9.525960084653388	16.126776014301413
3	2.056915747103498	5.223319104695977
4	0.6308811596082536	2.136074277496879
5	0.2217496188968264	0.9385160139834715
6	0.09730408740079251	0.4941867934078225
7	0.050054926257078365	0.2965880624581447
8	0.029605390843580433	0.20047932290602027
9	0.01600147376126802	0.12190212999956741
>10	0.03958702462734187	0.4358324861912222
>50	1.3928912168250027E-4	0.0062488754766949085
>100	0.0	0.0
>500	1.3928912168250027E-4	0.09691652154421158
>1k	0.0	0.0
>5k	0.0	0.0
>10k+	0.0	0.0
>>END_MODULE
>>Overrepresented sequences	pass
>>END_MODULE
>>Adapter Content	pass
#Position	Illumina Universal Adapter	Illumina Small RNA 3' Adapter	Illumina Small RNA 5' Adapter	Nextera Transposase Sequence	SOLID Small RNA Adapter
1	0.0	0.0	0.0	0.0	0.0
2	0.0	1.1783920604656534E-4	0.0	0.0	0.0
3	0.0	1.1783920604656534E-4	0.0	0.0	0.0
4	0.0	1.1783920604656534E-4	0.0	0.0	0.0
5	0.0	1.1783920604656534E-4	0.0	0.0	0.0
6	0.0	1.1783920604656534E-4	0.0	0.0	0.0
7	0.0	1.1783920604656534E-4	0.0	0.0	0.0
8	1.1783920604656534E-4	1.1783920604656534E-4	0.0	0.0	0.0
9	1.1783920604656534E-4	1.1783920604656534E-4	0.0	0.0	1.1783920604656534E-4
10-14	2.3567841209313069E-4	1.8854272967450456E-4	0.0	0.0	1.1783920604656534E-4
15-19	2.3567841209313069E-4	2.3567841209313069E-4	0.0	0.0	1.1783920604656534E-4
20-24	2.3567841209313069E-4	2.828140945117568E-4	0.0	0.0	1.1783920604656534E-4
25-29	3.5351761813969603E-4	4.006533005583222E-4	0.0	0.0	1.1783920604656534E-4
30-34	3.5351761813969603E-4	4.7135682418626137E-4	0.0	1.8854272967450456E-4	1.1783920604656534E-4
35-39	4.7135682418626137E-4	5.656281890235136E-4	0.0	5.656281890235136E-4	1.1783920604656534E-4
40-44	4.7135682418626137E-4	7.070352362793921E-4	0.0	9.427136483725225E-4	1.1783920604656534E-4
45-49	4.7135682418626137E-4	7.070352362793921E-4	0.0	0.0012255277428842794	1.1783920604656534E-4
50-54	4.7135682418626137E-4	7.070352362793921E-4	0.0	0.0018382916143264195	1.1783920604656534E-4
55-59	4.7135682418626137E-4	7.070352362793921E-4	0.0	0.0021682413912568026	1.1783920604656534E-4
60-64	4.7135682418626137E-4	7.070352362793921E-4	0.0	0.002545326850605811	1.1783920604656534E-4
65-69	4.7135682418626137E-4	7.070352362793921E-4	0.0	0.0030638193572106987	1.1783920604656534E-4
70-74	4.7135682418626137E-4	7.306030774887051E-4	0.0	0.0034409048165597077	1.1783920604656534E-4
75-79	4.7135682418626137E-4	8.248744423259574E-4	0.0	0.003817990275908717	1.1783920604656534E-4
80-84	4.7135682418626137E-4	8.248744423259574E-4	0.0	0.0043836184649322305	1.1783920604656534E-4
85-89	4.7135682418626137E-4	8.248744423259574E-4	0.0	0.005161357224839562	1.1783920604656534E-4
90-94	5.184925066048876E-4	8.248744423259574E-4	0.0	0.005797688937491015	1.1783920604656534E-4
95-99	5.891960302328267E-4	8.248744423259574E-4	0.0	0.006551859856189034	1.1783920604656534E-4
100-104	5.891960302328267E-4	8.248744423259574E-4	0.0	0.006928945315538043	1.1783920604656534E-4
105-109	7.30603077488705E-4	8.248744423259574E-4	0.0	0.007353166457305676	1.1783920604656534E-4
110-114	8.248744423259574E-4	8.248744423259574E-4	0.0	0.008413719311724766	1.1783920604656534E-4
115-119	8.248744423259574E-4	8.248744423259574E-4	0.0	0.009191458071632097	1.6497488846519147E-4
120-124	8.248744423259574E-4	8.248744423259574E-4	0.0	0.010416985814516378	2.3567841209313069E-4
125-129	8.248744423259574E-4	8.248744423259574E-4	0.0	0.011147588892005083	2.3567841209313069E-4
130-134	8.248744423259574E-4	9.191458071632095E-4	0.0	0.01183105628707516	2.3567841209313069E-4
135-139	8.248744423259574E-4	0.001060552854419088	0.0	0.012773769935447682	2.3567841209313069E-4
140-144	8.720101247445836E-4	0.001060552854419088	0.0	0.013457237330517763	2.828140945117568E-4
145-149	0.001060552854419088	0.001060552854419088	0.0	0.014447086661308912	3.5351761813969603E-4
150-154	0.0011076885368377144	0.0012726634253029056	0.0	0.015696182245402503	3.5351761813969603E-4
155-159	0.0011783920604656534	0.0012962312665122187	0.0	0.016638895893775024	3.5351761813969603E-4
160-164	0.0011783920604656534	0.0012962312665122187	0.0	0.017675880906984805	3.5351761813969603E-4
165-169	0.0011783920604656534	0.0013669347901401577	0.0	0.019113519220752898	3.5351761813969603E-4
170-174	0.0011783920604656534	0.0015083418373960365	0.0	0.020786835946614127	3.5351761813969603E-4
175-179	0.0011783920604656534	0.0016497488846519148	0.0	0.02248372051368467	3.5351761813969603E-4
180-184	0.0011783920604656534	0.0016497488846519148	0.0	0.024251308604383147	3.5351761813969603E-4
185-189	0.0011783920604656534	0.0016497488846519148	0.0	0.02599532885387231	3.5351761813969603E-4
190-194	0.0012019599016749665	0.001720452408279854	0.0	0.02715015307312866	3.5351761813969603E-4
195-199	0.0013433669489308446	0.0019089951379543581	0.0	0.028493520022059498	3.5351761813969603E-4
200-204	0.0014140704725587841	0.002121105708838176	0.0	0.03056749004847905	3.5351761813969603E-4
205-209	0.0014140704725587841	0.0021682413912568017	0.0	0.03315995258150349	3.5351761813969603E-4
210-214	0.0014140704725587841	0.0022389449148847414	0.0	0.03561100806727204	3.5351761813969603E-4
215-219	0.0014140704725587841	0.0022389449148847414	0.0	0.039452566184390074	3.5351761813969603E-4
220-224	0.0015083418373960365	0.0022389449148847414	0.0	0.043741913284485054	3.5351761813969603E-4
225-229	0.0016261810434426017	0.00238035196214062	0.0	0.047489200036765836	3.770854593490091E-4
230-234	0.0016497488846519148	0.0025688946918151242	0.0	0.052061361231372574	4.7135682418626137E-4
235-239	0.0016497488846519148	0.0025924625330244373	0.0	0.0559029193484906	4.7135682418626137E-4
240	0.0016497488846519148	0.0025924625330244373	0.0	0.056209301284211664	4.7135682418626137E-4
>>END_MODULE
