##FastQC	0.11.9
>>Basic Statistics	pass
#Measure	Value
Filename	ERR1795072_1.fastq.gz
File type	Conventional base calls
Encoding	Sanger / Illumina 1.9
Total Sequences	1361900
Sequences flagged as poor quality	0
Sequence length	35-251
%GC	56
>>END_MODULE
>>Per base sequence quality	pass
#Base	Mean	Median	Lower Quartile	Upper Quartile	10th Percentile	90th Percentile
1	32.7218826639254	33.0	32.0	34.0	32.0	34.0
2	32.82526764079595	33.0	32.0	34.0	32.0	34.0
3	33.06593215360893	33.0	33.0	34.0	32.0	35.0
4	33.17822527351494	33.0	33.0	34.0	32.0	35.0
5	33.026576841177764	33.0	33.0	34.0	32.0	35.0
6	35.45945517292019	37.0	34.0	37.0	33.0	37.0
7	35.39857551949483	37.0	34.0	37.0	33.0	37.0
8	35.376001174829284	37.0	34.0	37.0	33.0	37.0
9	35.33540348043175	37.0	34.0	37.0	33.0	37.0
10-14	36.011505837433	37.4	35.6	37.4	34.6	37.4
15-19	37.31883941552243	38.0	38.0	38.0	37.0	38.0
20-24	37.5049279682796	38.0	38.0	38.4	37.0	38.4
25-29	37.73164476099567	38.0	38.0	39.0	37.0	39.0
30-34	37.73194316763345	38.0	38.0	39.0	37.0	39.0
35-39	37.703997679400786	38.0	38.0	39.0	36.8	39.0
40-44	37.697377565500084	38.0	38.0	39.0	36.8	39.0
45-49	37.65508801856422	38.0	38.0	39.0	36.6	39.0
50-54	37.6253275852374	38.0	38.0	39.0	36.6	39.0
55-59	37.64008110688818	38.0	38.0	39.0	36.6	39.0
60-64	37.611825893658164	38.0	38.0	39.0	36.6	39.0
65-69	37.56848403504114	38.0	38.0	39.0	36.2	39.0
70-74	37.50488915205999	38.0	38.0	39.0	36.0	39.0
75-79	37.46756236334978	38.0	38.0	39.0	36.0	39.0
80-84	37.40670584833183	38.0	38.0	39.0	36.0	39.0
85-89	37.38099103356268	38.0	38.0	39.0	36.0	39.0
90-94	37.32410134016813	38.0	38.0	39.0	35.8	39.0
95-99	37.240532140061944	38.0	38.0	39.0	35.2	39.0
100-104	37.179306308566595	38.0	38.0	39.0	34.8	39.0
105-109	37.05833691138012	38.0	38.0	39.0	34.4	39.0
110-114	37.040748192665006	38.0	38.0	39.0	34.0	39.0
115-119	36.90046357843374	38.0	38.0	39.0	34.0	39.0
120-124	36.82816144937141	38.0	38.0	39.0	34.0	39.0
125-129	36.67934997849455	38.0	37.2	39.0	34.0	39.0
130-134	36.47588756439525	38.0	37.0	39.0	33.2	39.0
135-139	36.499925058076606	38.0	37.0	39.0	33.0	39.0
140-144	36.25944559465556	38.0	37.0	39.0	32.8	39.0
145-149	36.07963448979872	38.0	37.0	38.0	32.2	39.0
150-154	35.85033695100102	38.0	37.0	38.0	31.8	39.0
155-159	35.745191849710295	37.0	37.0	38.0	31.8	39.0
160-164	35.58244549602555	37.0	37.0	38.0	31.4	39.0
165-169	35.4491229910001	37.0	37.0	38.0	31.0	39.0
170-174	35.20241179243104	37.0	37.0	38.0	30.6	38.4
175-179	35.1129828243087	37.0	37.0	37.8	30.2	38.0
180-184	34.96728294687544	37.0	37.0	37.0	29.6	38.0
185-189	34.82386706198924	37.0	36.8	37.0	28.2	38.0
190-194	34.61036008112128	37.0	36.8	37.0	26.6	38.0
195-199	34.522860136426424	37.0	36.6	37.0	26.0	38.0
200-204	34.32825637642153	37.0	36.0	37.0	25.6	37.6
205-209	34.17361591092602	37.0	35.2	37.0	25.4	37.0
210-214	34.042924964090936	37.0	35.0	37.0	24.4	37.0
215-219	33.923038150507175	37.0	34.4	37.0	24.4	37.0
220-224	33.833722132441636	37.0	34.6	37.0	24.0	37.0
225-229	33.69501670984822	37.0	33.8	37.0	24.0	37.0
230-234	33.48891870645714	37.0	33.0	37.0	24.0	37.0
235-239	33.27698369456555	37.0	33.0	37.0	22.2	37.0
240-244	33.00175639861278	37.0	33.0	37.0	16.6	37.0
245-249	32.8719259484288	37.0	33.0	37.0	14.4	37.0
250-251	29.902337226240796	34.5	23.0	37.0	13.5	37.0
>>END_MODULE
>>Per tile sequence quality	pass
#Tile	Base	Mean
1101	1	-0.17468530307907315
1101	2	0.05685398775575834
1101	3	0.07402835896468218
1101	4	0.11044673144026973
1101	5	0.2230882386504618
1101	6	0.05784403346939371
1101	7	0.14645434247917422
1101	8	0.1806732339874202
1101	9	0.10985863531163176
1101	10-14	0.13600918362393344
1101	15-19	0.1221006983405104
1101	20-24	0.05593511152817854
1101	25-29	0.07134636440659392
1101	30-34	0.10887749668334123
1101	35-39	0.0962012141570554
1101	40-44	0.0732446820685837
1101	45-49	0.007880004145533803
1101	50-54	0.0670760454046544
1101	55-59	0.137229964430162
1101	60-64	-0.032526893344282826
1101	65-69	0.07270117985929403
1101	70-74	0.06741387098045237
1101	75-79	0.12269292705325796
1101	80-84	0.11399061874312366
1101	85-89	0.09689404123627554
1101	90-94	0.14899682007192894
1101	95-99	-0.05729218836507499
1101	100-104	0.13179898673424617
1101	105-109	0.07336877483628967
1101	110-114	0.01831141304003836
1101	115-119	0.14432509428437612
1101	120-124	0.09093349170791498
1101	125-129	0.05929642217802922
1101	130-134	0.26672625678564543
1101	135-139	0.1259425139398047
1101	140-144	0.17120907030421506
1101	145-149	0.26344143974237255
1101	150-154	0.20617853139917486
1101	155-159	0.10098042221634529
1101	160-164	0.2676464004007997
1101	165-169	0.23924283946442415
1101	170-174	0.14330507654391766
1101	175-179	0.2271812897377572
1101	180-184	0.16382318670990514
1101	185-189	0.17746165909353095
1101	190-194	0.19716060648158162
1101	195-199	0.15330343872913232
1101	200-204	0.22584288997810376
1101	205-209	0.3028888848936262
1101	210-214	0.38617685391226786
1101	215-219	0.34823367543026507
1101	220-224	0.2569042610667083
1101	225-229	0.3239036390856782
1101	230-234	0.28136131038287004
1101	235-239	0.11836862745527554
1101	240-244	0.27266092037163503
1101	245-249	0.14943374360414907
1101	250-251	0.2772860355258686
1102	1	0.04247569717937694
1102	2	-0.03201023960879468
1102	3	-0.017297809144515952
1102	4	0.002633203251377836
1102	5	0.10702791633828923
1102	6	0.02392469425232946
1102	7	-0.03260945597503451
1102	8	0.11106703479183011
1102	9	-0.4574141048598861
1102	10-14	-0.2114603286742991
1102	15-19	0.07124288178072646
1102	20-24	0.08565367180366934
1102	25-29	0.06426895604664651
1102	30-34	0.11816688594105074
1102	35-39	0.17880918490090636
1102	40-44	0.1591366423884537
1102	45-49	0.03156825288591847
1102	50-54	0.05563307960375852
1102	55-59	0.19821609949469376
1102	60-64	0.0761825582069946
1102	65-69	-0.05370542352253693
1102	70-74	0.09800481595046762
1102	75-79	0.20151519048670963
1102	80-84	0.11907398581254824
1102	85-89	0.17143361775354293
1102	90-94	0.3806371465739318
1102	95-99	0.25632331130194785
1102	100-104	0.3551060462193405
1102	105-109	0.4552570231349051
1102	110-114	0.4279568120234032
1102	115-119	0.3403855056029954
1102	120-124	0.3763309611765422
1102	125-129	0.4168250478866895
1102	130-134	0.5690106761849378
1102	135-139	0.11649853054835546
1102	140-144	0.06758152013552632
1102	145-149	0.11414827386670368
1102	150-154	-0.23759402096394666
1102	155-159	0.006013082542416726
1102	160-164	0.23388332007366586
1102	165-169	0.031379312600556375
1102	170-174	-0.1338808771613813
1102	175-179	-0.1186042148763633
1102	180-184	-0.29954757265679177
1102	185-189	-0.19397035408779573
1102	190-194	-0.2659127951501503
1102	195-199	-0.045401529975904964
1102	200-204	-0.03890844631386159
1102	205-209	-0.023248756298002604
1102	210-214	0.01429783674040408
1102	215-219	0.025783609207167046
1102	220-224	-0.054885112045759854
1102	225-229	0.07878818399234433
1102	230-234	0.1708169650348239
1102	235-239	0.09369786525290635
1102	240-244	0.04738206104376985
1102	245-249	-0.14994946805907716
1102	250-251	0.2699859348871172
1103	1	0.1358677455824875
1103	2	0.1325941780081905
1103	3	0.13735835988020284
1103	4	-2.106545304059182E-4
1103	5	0.019654563070389486
1103	6	0.017482219522463538
1103	7	-0.1597253772422036
1103	8	0.12777237387643936
1103	9	-0.562278604553434
1103	10-14	-0.2312425547956991
1103	15-19	0.15042322030229371
1103	20-24	0.1781689731494609
1103	25-29	0.21241815109579676
1103	30-34	0.1286918210057948
1103	35-39	0.2014964642879562
1103	40-44	0.07297112725260035
1103	45-49	0.06927722069910658
1103	50-54	0.11393608843280134
1103	55-59	0.19219795171377996
1103	60-64	0.07912563332428135
1103	65-69	-0.07931791425604473
1103	70-74	0.12534822704933646
1103	75-79	0.1233677408398961
1103	80-84	-0.03733581924471707
1103	85-89	-0.002211765736461757
1103	90-94	0.16231612168257925
1103	95-99	0.057647328931459185
1103	100-104	0.16080868477038024
1103	105-109	0.21248648580683493
1103	110-114	0.23333405510049232
1103	115-119	0.2674174652219108
1103	120-124	0.21766782412446872
1103	125-129	0.17709113404102794
1103	130-134	0.4164980401335612
1103	135-139	0.21923745327151067
1103	140-144	0.15576983595072136
1103	145-149	0.37781692561599556
1103	150-154	0.07308237739049162
1103	155-159	0.11284942114549779
1103	160-164	0.3290093054749761
1103	165-169	0.29645467381191537
1103	170-174	0.1136651765917378
1103	175-179	0.1860659714197439
1103	180-184	0.14339839049999625
1103	185-189	0.12803051490286066
1103	190-194	0.1465436172836121
1103	195-199	0.11968150129244748
1103	200-204	0.12439004763362504
1103	205-209	-0.02102503418269208
1103	210-214	0.1831038011799322
1103	215-219	0.1418592173826383
1103	220-224	-0.10415935238721374
1103	225-229	-0.11034462238126963
1103	230-234	-0.042146899111962455
1103	235-239	0.01901611696258243
1103	240-244	-0.1304751625476115
1103	245-249	-0.30133393289624877
1103	250-251	0.22244807527798827
1104	1	0.21914801009221918
1104	2	0.04443627359395208
1104	3	0.09351501549688379
1104	4	0.08548871140810377
1104	5	0.03310817559265189
1104	6	0.011274245021873242
1104	7	-0.140847585676255
1104	8	0.1580633229093209
1104	9	0.13109023987515656
1104	10-14	0.010048794187163423
1104	15-19	0.0838899801976325
1104	20-24	0.09167001157382515
1104	25-29	0.17758466293084751
1104	30-34	0.07117102398688502
1104	35-39	0.07042081331724859
1104	40-44	-0.03595656399171787
1104	45-49	0.14326724666329227
1104	50-54	0.12196062829520571
1104	55-59	0.1662505119951092
1104	60-64	0.18202683090935778
1104	65-69	0.08710542750633721
1104	70-74	0.21930925600317153
1104	75-79	0.16947650675891168
1104	80-84	0.15334944248533589
1104	85-89	0.12804485984893432
1104	90-94	0.23150946310219211
1104	95-99	0.17384440737445317
1104	100-104	0.2861021329125393
1104	105-109	0.2750211127283251
1104	110-114	0.2536367707546603
1104	115-119	0.256620931943381
1104	120-124	0.3274884334940893
1104	125-129	0.17603002799135226
1104	130-134	0.3170459304979403
1104	135-139	0.18405122104629612
1104	140-144	0.11392006806361366
1104	145-149	0.30006389567133596
1104	150-154	-0.1889114294985248
1104	155-159	-0.029965368018622485
1104	160-164	0.33641697453047215
1104	165-169	0.136875127950276
1104	170-174	0.11162012570174795
1104	175-179	0.12410818066925344
1104	180-184	0.029304359228227383
1104	185-189	0.20791587086585395
1104	190-194	0.07872543507654228
1104	195-199	0.28098454429156305
1104	200-204	0.26810046419007705
1104	205-209	0.16866256059106632
1104	210-214	0.20284076599429568
1104	215-219	0.030007853314970134
1104	220-224	0.13778105860478718
1104	225-229	0.03862415276491049
1104	230-234	0.08842706650139576
1104	235-239	-0.22513669729112706
1104	240-244	-0.12911170275600625
1104	245-249	-0.15895824858960594
1104	250-251	0.1580944887057747
1105	1	0.012802750580988231
1105	2	-0.1593634192333937
1105	3	0.07508071349925416
1105	4	0.019310940520512077
1105	5	-0.04593215650547933
1105	6	-0.07055191552466056
1105	7	-0.2565569467913633
1105	8	0.09867529579732803
1105	9	0.17358989508610279
1105	10-14	0.1550417859930988
1105	15-19	0.05429600580161065
1105	20-24	0.1091023616123934
1105	25-29	0.10725286344741392
1105	30-34	0.0019056209762879917
1105	35-39	0.07207315931945857
1105	40-44	0.022172953939751494
1105	45-49	0.07367491386647629
1105	50-54	0.11232466759720694
1105	55-59	0.0612641112579837
1105	60-64	0.16463133851002
1105	65-69	0.18032826492829201
1105	70-74	0.1734310415579614
1105	75-79	0.08128554844095248
1105	80-84	0.13853037272512125
1105	85-89	0.08572727870287622
1105	90-94	0.20826026297525857
1105	95-99	0.09205413067858359
1105	100-104	0.14117973665553052
1105	105-109	0.1299970325963571
1105	110-114	0.15832398712084483
1105	115-119	0.09652982410005961
1105	120-124	0.1834884878421832
1105	125-129	0.10316600902815765
1105	130-134	0.24081432847994932
1105	135-139	0.05679931997745058
1105	140-144	-0.25163870207228456
1105	145-149	0.15264271498519122
1105	150-154	0.06884049283388549
1105	155-159	-0.14624503835700153
1105	160-164	0.15671382766240782
1105	165-169	-0.05503359247047257
1105	170-174	0.02851308367822014
1105	175-179	-0.023137264288372705
1105	180-184	-0.16691877357908425
1105	185-189	0.00247205913061066
1105	190-194	0.06979302730646708
1105	195-199	0.22282909149591035
1105	200-204	0.15990165343417573
1105	205-209	0.011195484345378759
1105	210-214	0.16862438073837183
1105	215-219	-0.15579303829489533
1105	220-224	-0.10097350159939822
1105	225-229	0.19936775248420702
1105	230-234	-0.15481720761013662
1105	235-239	0.22888134522215609
1105	240-244	-0.031768395468837696
1105	245-249	-0.3483290899214495
1105	250-251	-0.2644555113013958
1106	1	0.10237124443179368
1106	2	-0.1542787669345742
1106	3	-0.03866106202016795
1106	4	0.05701493857300477
1106	5	0.11581540103226473
1106	6	0.044054338308498586
1106	7	0.04735997048771168
1106	8	0.11794515963274677
1106	9	0.18315245090227705
1106	10-14	0.16908853305299232
1106	15-19	0.0069847317401396936
1106	20-24	0.06333403507564128
1106	25-29	0.1106801114272713
1106	30-34	0.1706431800203987
1106	35-39	0.18514109518341826
1106	40-44	0.24481324696608198
1106	45-49	0.22620929630711828
1106	50-54	0.2557711499682327
1106	55-59	0.2325413841435946
1106	60-64	0.2529401579872257
1106	65-69	0.2897500175301815
1106	70-74	0.29040741723390795
1106	75-79	0.17253506007605068
1106	80-84	0.26715292084433884
1106	85-89	0.2823631034080947
1106	90-94	0.3398945029878959
1106	95-99	0.30823516385944316
1106	100-104	0.24948068819509217
1106	105-109	0.1630334021731059
1106	110-114	0.22968271090335435
1106	115-119	0.18247336790959423
1106	120-124	0.195200007004928
1106	125-129	0.3156683731346206
1106	130-134	0.4521397495763324
1106	135-139	0.1262130593705777
1106	140-144	-0.21877811772654354
1106	145-149	0.28657044361757755
1106	150-154	0.12989931163251356
1106	155-159	-0.08220252337186906
1106	160-164	0.2161356018723808
1106	165-169	-0.1192702585160319
1106	170-174	0.307011592454117
1106	175-179	0.28139897931752955
1106	180-184	0.08144358683365738
1106	185-189	0.2214894998650223
1106	190-194	0.25210605480272363
1106	195-199	0.2336365713220161
1106	200-204	0.006691579863691288
1106	205-209	0.07275516642908286
1106	210-214	0.22283673936666304
1106	215-219	0.216741151917752
1106	220-224	0.221929045875207
1106	225-229	0.3261168339448801
1106	230-234	0.02610502178708174
1106	235-239	0.1295405176149842
1106	240-244	0.47615595133518696
1106	245-249	0.12804470613324526
1106	250-251	0.7591881213550131
1107	1	0.11415122374916109
1107	2	0.09521794694168761
1107	3	0.12026596739745798
1107	4	0.10232758621234694
1107	5	0.10736419682014287
1107	6	0.07563554257311011
1107	7	0.05913486444985239
1107	8	0.051293377199328916
1107	9	0.16048341369454278
1107	10-14	0.147326920070185
1107	15-19	0.08659593500735951
1107	20-24	0.10194480789214566
1107	25-29	0.1675009179449205
1107	30-34	0.0978487149866396
1107	35-39	0.1466315399106648
1107	40-44	0.0852780238108366
1107	45-49	0.07367303065576891
1107	50-54	0.0991214056986891
1107	55-59	0.11049296142196141
1107	60-64	0.15798692602453457
1107	65-69	0.2294417416788761
1107	70-74	0.03809755770177503
1107	75-79	-0.03281152182572811
1107	80-84	0.17990184380212781
1107	85-89	0.20378255207094753
1107	90-94	0.11609093058434894
1107	95-99	0.13707298650339794
1107	100-104	0.13312448675817024
1107	105-109	-0.014324142171560084
1107	110-114	-0.07483551645353259
1107	115-119	-0.1737182509657771
1107	120-124	-0.06264434670530505
1107	125-129	0.0855145026286408
1107	130-134	0.10582661371062585
1107	135-139	0.11491772521480215
1107	140-144	0.2635698594359326
1107	145-149	0.4066843454032423
1107	150-154	0.2253133166815573
1107	155-159	0.37833338661706506
1107	160-164	0.25549151578929497
1107	165-169	0.12850518212284356
1107	170-174	0.4191809812271714
1107	175-179	0.3134830156544339
1107	180-184	0.35885207086236903
1107	185-189	0.38733005920570207
1107	190-194	0.4353740060413571
1107	195-199	0.40639662020298317
1107	200-204	0.39883603478953233
1107	205-209	0.46447983457421316
1107	210-214	0.2711084159598798
1107	215-219	0.25050302254226864
1107	220-224	0.5722639496099546
1107	225-229	0.6240684623960462
1107	230-234	0.5036069625368071
1107	235-239	0.591760498521694
1107	240-244	0.6525556223339564
1107	245-249	0.5193447748407323
1107	250-251	0.6548360744178439
1108	1	0.0013823602671010349
1108	2	-0.06738895646124377
1108	3	0.03610940937443985
1108	4	0.019066782304982155
1108	5	0.15033716474391667
1108	6	0.05917007917112471
1108	7	0.09820439453619656
1108	8	0.13934222939351315
1108	9	0.09283386200587529
1108	10-14	0.10505668321319206
1108	15-19	0.038969134424412744
1108	20-24	-0.044235085951321196
1108	25-29	-0.05388762875875841
1108	30-34	-0.09830000936674566
1108	35-39	-0.12111318787923864
1108	40-44	0.0017938336071097183
1108	45-49	-0.043106456025441275
1108	50-54	-0.07091233422269028
1108	55-59	-0.06666117270781058
1108	60-64	0.012040818985859403
1108	65-69	0.06884603618408391
1108	70-74	-0.05594978885180524
1108	75-79	-0.14088090906712125
1108	80-84	0.17777858617838405
1108	85-89	0.2065742062679874
1108	90-94	0.08589812931448648
1108	95-99	0.07411004540038135
1108	100-104	0.05480329650192317
1108	105-109	-0.055210407562810815
1108	110-114	-0.022068962186693852
1108	115-119	0.0050418184642921915
1108	120-124	-0.022491768658454703
1108	125-129	0.0015945018887464357
1108	130-134	-0.19687888626719285
1108	135-139	0.19537941251807922
1108	140-144	0.18034416121955132
1108	145-149	0.29392978499052447
1108	150-154	0.2700217219729595
1108	155-159	0.3605035009931612
1108	160-164	-0.0016194224611538743
1108	165-169	0.09085223446572144
1108	170-174	0.24565591090699712
1108	175-179	0.21363969738187905
1108	180-184	0.22244480935287925
1108	185-189	0.25747455172120937
1108	190-194	0.36032762849340827
1108	195-199	0.4084328039904932
1108	200-204	0.4929930851868036
1108	205-209	0.5522420677490345
1108	210-214	0.45426133068104946
1108	215-219	0.17138626346478247
1108	220-224	0.5483110073493691
1108	225-229	0.4714969081704794
1108	230-234	0.43648343104690923
1108	235-239	0.5330428908114513
1108	240-244	0.5421287685810938
1108	245-249	0.34070570717885573
1108	250-251	0.401292436380686
1109	1	-0.03966122441568132
1109	2	0.037145872621898945
1109	3	0.04207718641628588
1109	4	0.029595637289027366
1109	5	-0.06996999370665691
1109	6	0.09167116685257781
1109	7	0.041614949763193465
1109	8	-0.049510593656087565
1109	9	0.0012806003449838954
1109	10-14	0.11089934096723653
1109	15-19	0.0019944759448975447
1109	20-24	-0.1383421390944619
1109	25-29	-0.12881468903351134
1109	30-34	-0.15187474353033537
1109	35-39	-0.1737553407043606
1109	40-44	-0.08341004242509342
1109	45-49	-0.11839349461680371
1109	50-54	-0.25088827071153474
1109	55-59	-0.1731425945254088
1109	60-64	-0.024356798017095116
1109	65-69	0.004628236400172625
1109	70-74	-0.25777258097460987
1109	75-79	-0.3677736251366355
1109	80-84	-0.06805592773451963
1109	85-89	-0.06173128723713006
1109	90-94	-0.20394688097229619
1109	95-99	-0.12926114474556272
1109	100-104	-0.21457836633442895
1109	105-109	-0.14999342142023409
1109	110-114	-0.29314777965459626
1109	115-119	-0.16036142288685085
1109	120-124	-0.29436559056972555
1109	125-129	-0.2204715137297768
1109	130-134	-0.6866215435743683
1109	135-139	0.03902845937452781
1109	140-144	0.2660682520617854
1109	145-149	0.23497177987738382
1109	150-154	0.31252451715018736
1109	155-159	0.3608784425248288
1109	160-164	0.019112389628169524
1109	165-169	0.2539489045661796
1109	170-174	0.2588834970876164
1109	175-179	0.2500781485821264
1109	180-184	0.3150471552544687
1109	185-189	0.40848684765290244
1109	190-194	0.5091068546228215
1109	195-199	0.6105530674540063
1109	200-204	0.35966013942077524
1109	205-209	0.500240545563905
1109	210-214	0.6008705491115833
1109	215-219	0.4967718721561951
1109	220-224	0.47496326089758867
1109	225-229	0.6063418898254866
1109	230-234	0.4801701088902206
1109	235-239	0.5755040019622157
1109	240-244	0.2805286159020426
1109	245-249	0.4592939512397436
1109	250-251	0.7464580509890659
1110	1	0.011636086732352169
1110	2	-0.02807146583231912
1110	3	0.08634860093592067
1110	4	0.026247517968393197
1110	5	-0.17567278515129914
1110	6	0.0918581189116523
1110	7	0.1142702573297214
1110	8	-0.050977523076703335
1110	9	0.0401787841628547
1110	10-14	0.0726964534939043
1110	15-19	0.018610745782112303
1110	20-24	-0.06886657244010763
1110	25-29	-0.10604203197555506
1110	30-34	-0.0446738558848736
1110	35-39	0.06941616935612416
1110	40-44	-0.011240892564551075
1110	45-49	-0.06050370920896597
1110	50-54	-0.13984165562783346
1110	55-59	-0.01760757911159061
1110	60-64	0.008843537789935851
1110	65-69	0.146020489808393
1110	70-74	-0.009607878108823797
1110	75-79	0.1715654328841012
1110	80-84	0.22170433201353035
1110	85-89	0.10682638966744662
1110	90-94	-0.10517653897132107
1110	95-99	0.05584831787074762
1110	100-104	-0.01871201180444615
1110	105-109	0.2188632720649153
1110	110-114	0.038119679724673006
1110	115-119	0.29472545599001876
1110	120-124	0.1739056428128336
1110	125-129	0.11217142149159542
1110	130-134	0.0016183124302386886
1110	135-139	0.12646812966407595
1110	140-144	3.996046349641347E-4
1110	145-149	-0.2756188187500541
1110	150-154	-0.03341472121263678
1110	155-159	0.06510831474213319
1110	160-164	-0.47111566973676133
1110	165-169	-0.07892561948990107
1110	170-174	-0.19028250438579164
1110	175-179	-0.09030674247254922
1110	180-184	0.011956858739502252
1110	185-189	0.14390355394966292
1110	190-194	0.24492620112729924
1110	195-199	0.18535065088088487
1110	200-204	0.17367444857689662
1110	205-209	0.20416631013077335
1110	210-214	0.22924783683339456
1110	215-219	0.20775459991784828
1110	220-224	0.015025737519863469
1110	225-229	0.09385856273521398
1110	230-234	-0.12241915599614117
1110	235-239	0.2949638747278982
1110	240-244	-0.04005132776985931
1110	245-249	0.22208451732359435
1110	250-251	0.03222854380245721
1111	1	0.10261221188841319
1111	2	0.06390276198987266
1111	3	0.1183635451040459
1111	4	0.10799948226629397
1111	5	0.15712962902363614
1111	6	0.14009915359517322
1111	7	0.04048259536332921
1111	8	-0.05711464432789626
1111	9	0.14167089555898826
1111	10-14	0.05430329539914425
1111	15-19	-0.022331277433828234
1111	20-24	-0.006795931473355665
1111	25-29	-0.10183849746334772
1111	30-34	0.03763582902651308
1111	35-39	-0.07411847850433162
1111	40-44	0.02717380735259667
1111	45-49	-0.049117421588491084
1111	50-54	-0.011076568247936791
1111	55-59	-0.01929919880983988
1111	60-64	-0.09711791629192135
1111	65-69	-0.04769902205845966
1111	70-74	-0.02778949440749301
1111	75-79	0.011110404261010842
1111	80-84	0.02927928360248444
1111	85-89	0.06910653438644943
1111	90-94	-0.09355879936150302
1111	95-99	-0.0376247971935868
1111	100-104	-0.0852459081201431
1111	105-109	0.08799666353407076
1111	110-114	0.1281403737053708
1111	115-119	0.13103691667177486
1111	120-124	0.16402819568308047
1111	125-129	0.04605356152161022
1111	130-134	-0.26364836767070443
1111	135-139	0.16762665756662898
1111	140-144	0.09992482180496864
1111	145-149	-0.29374815854030345
1111	150-154	0.2028945730411138
1111	155-159	0.1863609842650149
1111	160-164	-0.14149245926010678
1111	165-169	0.1778252625121084
1111	170-174	-0.19266846713236419
1111	175-179	0.03192008239320643
1111	180-184	0.11018722904051259
1111	185-189	0.2478135110182862
1111	190-194	0.3115848550068989
1111	195-199	0.26905772233003233
1111	200-204	0.15373190970397843
1111	205-209	0.1754108121378124
1111	210-214	0.1246180990441701
1111	215-219	0.29531279998065685
1111	220-224	0.1132678996773393
1111	225-229	0.11973264725583732
1111	230-234	0.12624300522805498
1111	235-239	0.3231462095375335
1111	240-244	0.2637618694727166
1111	245-249	0.4543656286392874
1111	250-251	0.46328621456126484
1112	1	0.03438921301709286
1112	2	0.03899623744692349
1112	3	0.03647705834274717
1112	4	-0.01521964585782598
1112	5	0.07747134361305541
1112	6	-0.0097418404540619
1112	7	-0.0906851846554062
1112	8	-0.34628042812293813
1112	9	0.1702365181893839
1112	10-14	-0.023431956798440012
1112	15-19	-0.07014705735869597
1112	20-24	0.10463590502262576
1112	25-29	-0.0053121644369085175
1112	30-34	-0.048167668821740506
1112	35-39	-0.13587980463235283
1112	40-44	-0.0022165995555880613
1112	45-49	0.005190792300098224
1112	50-54	0.028650117017654964
1112	55-59	-0.07524899934678331
1112	60-64	-0.2028844480137053
1112	65-69	-0.0553007466214126
1112	70-74	-0.03880848388332936
1112	75-79	-0.009004661580803486
1112	80-84	-0.21123055663638723
1112	85-89	-0.12174676362702996
1112	90-94	-0.16417007480561807
1112	95-99	-0.18166731778918432
1112	100-104	-0.32189612259549705
1112	105-109	-0.11334196556376952
1112	110-114	-0.08915017714007689
1112	115-119	-0.1797290927992634
1112	120-124	-0.11214989409946696
1112	125-129	-0.1751051135723145
1112	130-134	-0.5178695527227717
1112	135-139	0.12268732918094116
1112	140-144	-0.10893822191363967
1112	145-149	-0.1476744760514066
1112	150-154	4.030283606084595E-4
1112	155-159	-0.12417130201673388
1112	160-164	-0.15097644587667958
1112	165-169	0.013852993833708638
1112	170-174	-0.5263735210556675
1112	175-179	-0.557640882224895
1112	180-184	-0.12740632517683537
1112	185-189	-0.17810299018020004
1112	190-194	-0.01865329464811083
1112	195-199	0.025404012737901382
1112	200-204	-0.23113305763968128
1112	205-209	-0.12750519373958724
1112	210-214	-0.31231951575706063
1112	215-219	-0.1487968569612903
1112	220-224	-0.38680769307025287
1112	225-229	-0.09520549107102028
1112	230-234	-0.16024354099152305
1112	235-239	0.06094350918451852
1112	240-244	-0.059475491271832936
1112	245-249	0.03741566850486322
1112	250-251	-0.3470962276696916
1113	1	-0.22764824488647406
1113	2	-0.13831556347137308
1113	3	-0.06914611727656705
1113	4	-0.05507118837593339
1113	5	-0.14502800691480644
1113	6	0.04562987151513198
1113	7	0.14318263528903685
1113	8	0.08493375200243491
1113	9	0.18915707466604914
1113	10-14	-0.02324013252262347
1113	15-19	-0.2394645168432632
1113	20-24	-0.04303672830732097
1113	25-29	-0.1496998202941313
1113	30-34	0.05402578657373169
1113	35-39	-0.06740017973068291
1113	40-44	0.014819087752869109
1113	45-49	-0.03299142540898714
1113	50-54	-0.17151142621474946
1113	55-59	-0.25231120554111186
1113	60-64	-0.21862178206145444
1113	65-69	-0.08994884750914167
1113	70-74	-0.07294716091231379
1113	75-79	-0.11244037930097761
1113	80-84	-0.24640451988189227
1113	85-89	-0.4597988944634963
1113	90-94	-0.37058815122898636
1113	95-99	-0.4074824358961777
1113	100-104	-0.4063754874065779
1113	105-109	-0.17398644950416298
1113	110-114	-0.2001386681633619
1113	115-119	-0.4653195334131226
1113	120-124	-0.25442317086140065
1113	125-129	-0.25194106054293286
1113	130-134	-0.607587650464751
1113	135-139	-0.07015534663314327
1113	140-144	0.07105172001309512
1113	145-149	0.10365833434295979
1113	150-154	0.008197208697446001
1113	155-159	0.012175315411639076
1113	160-164	0.024295581559698576
1113	165-169	0.07136901496216552
1113	170-174	0.1355738090433789
1113	175-179	-0.05573339090773999
1113	180-184	0.10434132266350815
1113	185-189	-0.03845255057110819
1113	190-194	0.10945383942267028
1113	195-199	-0.03204474471102969
1113	200-204	-0.018728175825856397
1113	205-209	0.01489208964306954
1113	210-214	-0.1642084234132497
1113	215-219	0.04442051040108197
1113	220-224	0.15473151551538677
1113	225-229	0.1115778718509759
1113	230-234	0.10490371133005993
1113	235-239	0.1253081797062805
1113	240-244	0.12118351324387078
1113	245-249	0.3490983933865124
1113	250-251	-0.17159824578899574
1114	1	-0.06388832256732968
1114	2	-0.08227203236983627
1114	3	-0.10897709314681947
1114	4	-0.15576055208097017
1114	5	-0.03235977549267943
1114	6	0.02340823315688567
1114	7	-0.06296513798849901
1114	8	0.0737698236578126
1114	9	0.17328585529757845
1114	10-14	0.12028481598506602
1114	15-19	-0.16615949642149275
1114	20-24	-0.04001428906734361
1114	25-29	-0.010351969407601302
1114	30-34	0.11266917413455957
1114	35-39	0.04001206589306605
1114	40-44	0.02613742315249823
1114	45-49	0.12938010287058432
1114	50-54	-0.008713965274701252
1114	55-59	-0.011104387075221211
1114	60-64	-0.04186419594788049
1114	65-69	-0.14298642531966266
1114	70-74	-0.06375527894543609
1114	75-79	0.02849487259916117
1114	80-84	-0.11353635303828469
1114	85-89	-0.13109841664388
1114	90-94	-0.33725063022618684
1114	95-99	-0.09162879357521803
1114	100-104	-0.08425353790133272
1114	105-109	0.1388141954921096
1114	110-114	-0.261803620036126
1114	115-119	-0.4364748371734777
1114	120-124	-0.3736524057176638
1114	125-129	-0.31590019340526254
1114	130-134	-0.29131163882610167
1114	135-139	-0.3643496392854857
1114	140-144	-0.37511007357694126
1114	145-149	-0.8369929264367144
1114	150-154	-0.8834901416061669
1114	155-159	-0.417920226072539
1114	160-164	-0.4558367045195908
1114	165-169	-0.31563266039966464
1114	170-174	-0.41604362325891486
1114	175-179	-0.3578321257394279
1114	180-184	-0.32073682601242126
1114	185-189	-0.5499813531300006
1114	190-194	-0.5404328521457771
1114	195-199	-0.5082274754924043
1114	200-204	-0.19887655418947503
1114	205-209	-0.4340707655578697
1114	210-214	-0.7094590766334719
1114	215-219	-0.41756367008292017
1114	220-224	-0.25233322090819144
1114	225-229	-0.4678014481419055
1114	230-234	-0.08698830721218087
1114	235-239	-0.4374936677898944
1114	240-244	-0.5704879665074714
1114	245-249	-0.033396170737766795
1114	250-251	-1.6240382353035372
2101	1	-0.18206768761227465
2101	2	0.034136594962092204
2101	3	0.03248206989982805
2101	4	0.030448076696558246
2101	5	0.12098955579753579
2101	6	-0.0471170973430759
2101	7	0.10683426112438354
2101	8	-0.04418764201524539
2101	9	0.00961976927964514
2101	10-14	0.014580122849487509
2101	15-19	-0.04339257267922392
2101	20-24	0.05970984254957301
2101	25-29	-0.05392919930353912
2101	30-34	-0.04945513288165415
2101	35-39	-0.019358142252023924
2101	40-44	-0.047390755908104154
2101	45-49	-0.03167521372790816
2101	50-54	-0.009182745343736087
2101	55-59	-0.06269723488620826
2101	60-64	-0.019071389467079314
2101	65-69	-0.0374998930520718
2101	70-74	-0.037224851236786094
2101	75-79	0.012914418143729733
2101	80-84	-0.04890271391236922
2101	85-89	-0.09907716721131266
2101	90-94	-0.061436318978557836
2101	95-99	-0.09185109214042342
2101	100-104	-0.11274758355180836
2101	105-109	-0.058960978511201745
2101	110-114	-0.07701492719196779
2101	115-119	-0.07748321588021412
2101	120-124	-0.2546707899441998
2101	125-129	-0.18159180386726348
2101	130-134	-0.013998803947053773
2101	135-139	-0.25077720729169783
2101	140-144	-0.017140490249268225
2101	145-149	-0.17919091097806472
2101	150-154	-0.0749099285068624
2101	155-159	-0.1834001463188457
2101	160-164	0.0023881809788335318
2101	165-169	-0.11050559046177
2101	170-174	-0.07395217023341871
2101	175-179	-0.09801204825775756
2101	180-184	-0.11823452754376262
2101	185-189	-0.09364394836814682
2101	190-194	-0.06554661432993925
2101	195-199	-0.2233342579502704
2101	200-204	-0.1261201072315714
2101	205-209	-0.18786796591983546
2101	210-214	-0.24187257365296233
2101	215-219	-0.20152608641964065
2101	220-224	-0.25349710283875027
2101	225-229	-0.507826723882296
2101	230-234	-0.27671580079593383
2101	235-239	-0.14105383135813554
2101	240-244	-0.10465154747059557
2101	245-249	-0.39659889900241296
2101	250-251	-0.053959051023429794
2102	1	-0.054175075122010696
2102	2	-4.4801067812727524E-4
2102	3	-0.1250353711323413
2102	4	-0.06439351983807029
2102	5	-0.06378055895218893
2102	6	-0.13067302147903348
2102	7	-0.06409512285207342
2102	8	-0.18518847646516434
2102	9	-0.18280250398022702
2102	10-14	-0.26357578531763437
2102	15-19	-0.07055270766732491
2102	20-24	-0.13839049228156597
2102	25-29	-0.15985149459324077
2102	30-34	-0.1274582769977073
2102	35-39	-0.08013721361464121
2102	40-44	-0.11934241342373042
2102	45-49	-0.17706170038337632
2102	50-54	-0.13235815628940628
2102	55-59	-0.027578197570946372
2102	60-64	-0.07836608066953943
2102	65-69	-0.3269809078113326
2102	70-74	-0.1908955071041447
2102	75-79	0.01434418286196859
2102	80-84	-0.17361577236085424
2102	85-89	0.03326063713521421
2102	90-94	0.1211944477885254
2102	95-99	0.07541777066654021
2102	100-104	0.1232375749119754
2102	105-109	0.15987007559166955
2102	110-114	0.10097350352548773
2102	115-119	0.18953511513474552
2102	120-124	0.11365396272896078
2102	125-129	0.22479956570197146
2102	130-134	0.24744615747877674
2102	135-139	-0.1322278851283798
2102	140-144	0.22648526468650942
2102	145-149	-0.13049227444971478
2102	150-154	-0.07428909596158917
2102	155-159	0.03605201683049586
2102	160-164	0.20269342608364838
2102	165-169	0.043605091934040274
2102	170-174	0.17915325499016177
2102	175-179	-0.030825055113147926
2102	180-184	-0.0762534647594606
2102	185-189	0.06540057246077424
2102	190-194	0.10430122373269057
2102	195-199	0.10862916806159006
2102	200-204	0.09401653212179184
2102	205-209	-0.16531574924864145
2102	210-214	-0.12438052281151357
2102	215-219	-0.15853164510755846
2102	220-224	-0.18494393169520862
2102	225-229	-0.4155923050190111
2102	230-234	-0.07753713153788055
2102	235-239	-0.29706456237888546
2102	240-244	0.03257057804437835
2102	245-249	-0.08060456176508524
2102	250-251	-0.482893552573632
2103	1	0.12117120512753843
2103	2	0.06272572260827758
2103	3	-0.03814467463517701
2103	4	-0.03536408319380513
2103	5	-0.0011421033133487413
2103	6	-0.02544967377063756
2103	7	0.032889879091470675
2103	8	0.006597680917934667
2103	9	-0.2254231087682257
2103	10-14	-0.10891184199820714
2103	15-19	0.04954833821039273
2103	20-24	0.08783871837188428
2103	25-29	-0.06902200657408031
2103	30-34	-0.09622665091593063
2103	35-39	0.103711407616494
2103	40-44	0.06615818234987358
2103	45-49	-0.001453905555464985
2103	50-54	0.009138263367134414
2103	55-59	0.10948854798181173
2103	60-64	0.1159797248545118
2103	65-69	-0.13816386336625897
2103	70-74	0.023836540074746893
2103	75-79	0.06208015784959997
2103	80-84	-0.04136607210539012
2103	85-89	0.01613752817499403
2103	90-94	0.08348088434411949
2103	95-99	0.046643028735310565
2103	100-104	0.10475426611441208
2103	105-109	0.038217632511212685
2103	110-114	0.11959158991567165
2103	115-119	0.09503114176243344
2103	120-124	0.10867749532066284
2103	125-129	0.06376982138510812
2103	130-134	0.16406782341113768
2103	135-139	0.09716716397917224
2103	140-144	0.3654394374668257
2103	145-149	0.18499039170055198
2103	150-154	0.23416851021553242
2103	155-159	0.22659296602492418
2103	160-164	0.33331609483997227
2103	165-169	0.3387600767422967
2103	170-174	0.3528442218348573
2103	175-179	0.34787516800723495
2103	180-184	0.3370244440543928
2103	185-189	0.2067700886336894
2103	190-194	0.14542817880573722
2103	195-199	0.19480735627623602
2103	200-204	0.312765662385182
2103	205-209	0.23574965892367317
2103	210-214	0.20908302104357546
2103	215-219	0.20389534809018528
2103	220-224	0.12751784261464394
2103	225-229	0.03181866072696948
2103	230-234	0.12201548938217854
2103	235-239	-0.021796128212898225
2103	240-244	0.18215585298723624
2103	245-249	-0.004036761735648042
2103	250-251	0.23993835748808934
2104	1	-0.013193335291333597
2104	2	0.036275712319302045
2104	3	-0.0636886253488953
2104	4	-0.010222242349527733
2104	5	0.0660133945679604
2104	6	-0.001761937806691094
2104	7	0.03454241416847026
2104	8	0.06350515155236991
2104	9	-0.017392670205993
2104	10-14	-0.12737319955472515
2104	15-19	-0.03710077420819147
2104	20-24	0.039224580062878545
2104	25-29	0.04694396002244616
2104	30-34	-0.04971839244012699
2104	35-39	0.005629992215752111
2104	40-44	-0.0796686890641709
2104	45-49	0.04293901987288962
2104	50-54	-0.060368574702323485
2104	55-59	-0.019596473440898876
2104	60-64	0.029968125227092912
2104	65-69	0.058703362959001026
2104	70-74	0.04088626703708087
2104	75-79	0.00911028960100424
2104	80-84	-0.11056402998893589
2104	85-89	-0.0781821511317844
2104	90-94	0.015358068831723415
2104	95-99	-0.05562500023962258
2104	100-104	-0.0499729250651626
2104	105-109	0.05163287717937237
2104	110-114	0.018818068844694835
2104	115-119	0.03520685690855174
2104	120-124	0.16110481209065597
2104	125-129	0.023446689720096003
2104	130-134	-0.014838934020161787
2104	135-139	-0.09258814997581055
2104	140-144	-0.020383916008995584
2104	145-149	-0.1325966123665907
2104	150-154	-0.22753883880444192
2104	155-159	-0.1723146839572678
2104	160-164	-0.04310628688344309
2104	165-169	-0.11625892652681102
2104	170-174	-0.03040201917251295
2104	175-179	-0.10531399663739194
2104	180-184	-0.07938541766523599
2104	185-189	-0.3201206164002244
2104	190-194	-0.5744391262428437
2104	195-199	-0.2423801395787848
2104	200-204	-0.12344891897735266
2104	205-209	-0.16749558092427463
2104	210-214	-0.24790812440725318
2104	215-219	-0.30344575762175197
2104	220-224	-0.439830631136104
2104	225-229	-0.5624204140944045
2104	230-234	-0.7805022966914521
2104	235-239	-0.8731121808809945
2104	240-244	-0.6903664443876067
2104	245-249	-0.3563916585258937
2104	250-251	-0.06836789677107191
2105	1	0.14197561963227656
2105	2	0.007180380314629531
2105	3	0.052326379000916745
2105	4	0.03923434664540082
2105	5	-0.003479905466178934
2105	6	-0.09295627549715846
2105	7	0.055053917215460046
2105	8	2.5956453858100303E-4
2105	9	-0.058754012515031206
2105	10-14	0.043312768417592906
2105	15-19	0.015876428495985806
2105	20-24	0.09910133669949772
2105	25-29	0.10623081890008024
2105	30-34	0.07433242933979045
2105	35-39	0.06435491262416804
2105	40-44	-0.003647450156705645
2105	45-49	0.07333334731905694
2105	50-54	0.002092584039559142
2105	55-59	-0.01634356573978124
2105	60-64	0.09457464143847005
2105	65-69	-0.022080753775085782
2105	70-74	0.015094004017200291
2105	75-79	-7.208424855562612E-4
2105	80-84	0.007707755046006071
2105	85-89	0.023461096726634878
2105	90-94	-0.07846539495186988
2105	95-99	-0.010608965229906175
2105	100-104	0.02075751469399023
2105	105-109	-0.0605686759980415
2105	110-114	-0.043647788166808255
2105	115-119	-0.028090381156602007
2105	120-124	0.02589385158330515
2105	125-129	-0.060328644175491775
2105	130-134	-0.028203408799576835
2105	135-139	-0.045696124876315025
2105	140-144	-0.2928993232116639
2105	145-149	-0.12398837233383375
2105	150-154	-0.20660344459872704
2105	155-159	-0.24271519345095527
2105	160-164	-0.1895050419574531
2105	165-169	-0.028697466387633597
2105	170-174	-0.0827765824327713
2105	175-179	-0.03854360128849521
2105	180-184	-0.15694808770477664
2105	185-189	-0.4668730826621328
2105	190-194	-0.4009651697410703
2105	195-199	-0.3264586794773976
2105	200-204	-0.2963993401157623
2105	205-209	-0.23073461971701903
2105	210-214	-0.1019525754404711
2105	215-219	-0.17193366735592264
2105	220-224	-0.1858847369527723
2105	225-229	-0.39710065465145306
2105	230-234	-0.5141012153865177
2105	235-239	-0.5483165880893992
2105	240-244	-0.835659049409351
2105	245-249	-0.49871978517862914
2105	250-251	-0.18950337246639393
2106	1	0.30225609795036945
2106	2	0.13357611074588505
2106	3	0.0666724852465137
2106	4	0.07825191380707253
2106	5	0.06293673899662622
2106	6	-0.041275811193159484
2106	7	0.010680153211964694
2106	8	-0.033650846105700793
2106	9	-0.075273062537768
2106	10-14	-0.006003017837969082
2106	15-19	-0.01923317825684734
2106	20-24	-0.06600981874496625
2106	25-29	0.03372903924363868
2106	30-34	0.023892953502723913
2106	35-39	0.039072105811591484
2106	40-44	0.00638703688471054
2106	45-49	0.0705594066121904
2106	50-54	-0.008172311845811464
2106	55-59	0.02199328335166939
2106	60-64	0.06678117881714485
2106	65-69	0.002250180213081876
2106	70-74	-2.4296412506430443E-4
2106	75-79	0.03751594960899496
2106	80-84	0.07421676580560188
2106	85-89	0.11953081679479993
2106	90-94	0.02610297002726014
2106	95-99	0.14282725234399862
2106	100-104	0.040530692345356556
2106	105-109	0.1457111506207056
2106	110-114	0.10694830064605299
2106	115-119	0.15963369469051258
2106	120-124	0.09445693257431742
2106	125-129	0.09863942504961187
2106	130-134	0.358237207626658
2106	135-139	0.2105984040092821
2106	140-144	-0.08142577891923963
2106	145-149	0.33527528775319126
2106	150-154	0.1859004187035822
2106	155-159	-0.011653041437028833
2106	160-164	-0.1869166908813895
2106	165-169	0.12637233034023865
2106	170-174	0.1574626671322079
2106	175-179	0.11702549340714796
2106	180-184	0.07600249141914617
2106	185-189	-0.19979795556960056
2106	190-194	-0.1379558320825396
2106	195-199	-0.0801876509391235
2106	200-204	-0.16364168130040468
2106	205-209	-0.01947136526905524
2106	210-214	0.09964691919494584
2106	215-219	0.16788071113038683
2106	220-224	-0.07350054562314057
2106	225-229	0.21947966432110633
2106	230-234	0.06693585800454827
2106	235-239	-0.13868566625676237
2106	240-244	-0.3584404835118278
2106	245-249	-0.10102114755872549
2106	250-251	0.05977858370281197
2107	1	-0.3580507238026769
2107	2	-0.17401979448810323
2107	3	-0.1345143219359315
2107	4	-0.07431677869621467
2107	5	-0.18928616969430578
2107	6	-0.1532709293292669
2107	7	-0.08801099300824688
2107	8	-0.19349635493377093
2107	9	-0.1459021515898229
2107	10-14	0.0040492648887280325
2107	15-19	-0.010995809677908142
2107	20-24	0.00243821636731667
2107	25-29	0.04378108984074913
2107	30-34	0.03189219283191136
2107	35-39	-0.02233809700564393
2107	40-44	-0.03838926242562479
2107	45-49	-0.09342118898359075
2107	50-54	0.009112396012959323
2107	55-59	-0.022554443752987652
2107	60-64	-0.016971988028693374
2107	65-69	-0.0050878156842699696
2107	70-74	-0.04962724220735737
2107	75-79	-0.16932393961115366
2107	80-84	0.06175218800344595
2107	85-89	0.014015381759406864
2107	90-94	-0.10699084759149002
2107	95-99	-0.028647234627186435
2107	100-104	-0.07280587728849497
2107	105-109	-0.011326118961086706
2107	110-114	-0.026079454473808994
2107	115-119	-0.1659441128811352
2107	120-124	-0.1613109104157715
2107	125-129	-0.08742947905012244
2107	130-134	0.10088870393465754
2107	135-139	-0.03897649138021109
2107	140-144	-0.1899259085473446
2107	145-149	0.0023432572955286446
2107	150-154	0.1277726748423973
2107	155-159	-0.0045569449935385364
2107	160-164	-0.3360722135699419
2107	165-169	-0.12253881808329936
2107	170-174	0.25931635385067864
2107	175-179	-0.1182846836339877
2107	180-184	-0.09690240850662946
2107	185-189	0.10932386911737524
2107	190-194	-0.0788736323469692
2107	195-199	-0.023648409033299345
2107	200-204	-0.06794920751907796
2107	205-209	0.045459709003210946
2107	210-214	-0.103180130334934
2107	215-219	0.015030534125578754
2107	220-224	-0.14366241988273032
2107	225-229	-0.06896607594860882
2107	230-234	0.08355915969829653
2107	235-239	-0.03271304278356979
2107	240-244	0.040264461511448246
2107	245-249	-0.21785472289354146
2107	250-251	0.0651122929654342
2108	1	0.1584578727716064
2108	2	0.1478536812965956
2108	3	0.04135098405477322
2108	4	0.06959326391008602
2108	5	0.034647776194255187
2108	6	-0.02385976059684225
2108	7	0.12426916134992894
2108	8	-0.013107088278580648
2108	9	-0.09013550715877017
2108	10-14	0.053651892994544426
2108	15-19	0.06814673852316133
2108	20-24	-0.07472170430175851
2108	25-29	-0.07788208009671393
2108	30-34	-0.09410025064659777
2108	35-39	-0.22569932203390408
2108	40-44	-0.1747963067891547
2108	45-49	-0.1606208036891843
2108	50-54	-0.04262175496067755
2108	55-59	-0.021266951868419426
2108	60-64	-0.07415078663210295
2108	65-69	-0.02242895402639533
2108	70-74	-0.06272730059584575
2108	75-79	-0.10738925650162656
2108	80-84	-0.009699914871575288
2108	85-89	-0.020871693752596343
2108	90-94	-0.09507100903220334
2108	95-99	-0.021238377891364735
2108	100-104	-0.10068139859368586
2108	105-109	-0.030718086821039492
2108	110-114	-0.039729959228168354
2108	115-119	0.0038522950448651727
2108	120-124	-0.0509491435006737
2108	125-129	0.0032173410172759986
2108	130-134	-0.11535556317752338
2108	135-139	-0.03262405573903493
2108	140-144	-0.10360955663656313
2108	145-149	-0.05852291168259427
2108	150-154	0.11509502192618015
2108	155-159	0.05144888814836435
2108	160-164	-0.02782917227316517
2108	165-169	-0.06198263354793454
2108	170-174	0.12875748376145424
2108	175-179	-0.1704312361927478
2108	180-184	-0.12963523359434248
2108	185-189	0.04522289601884211
2108	190-194	-0.035427342006933316
2108	195-199	-0.05585239543490417
2108	200-204	-0.015123712700045644
2108	205-209	0.14788481826327882
2108	210-214	-0.012821427392943008
2108	215-219	0.02900262665838227
2108	220-224	-0.12811582820150136
2108	225-229	-0.1898748067655589
2108	230-234	-0.10358327190822791
2108	235-239	-0.0686581880558208
2108	240-244	-0.13131900630882143
2108	245-249	-0.03738158831765048
2108	250-251	0.029491181826447388
2109	1	-0.07572762587597737
2109	2	0.08648748735907219
2109	3	-0.03765876808123636
2109	4	-0.03131885947826163
2109	5	-0.10404307952827452
2109	6	-0.07858291313868193
2109	7	0.02163838898702153
2109	8	-0.09372899669038759
2109	9	-0.0337026546086463
2109	10-14	-0.005198164838155606
2109	15-19	0.042164175583963015
2109	20-24	-0.10288553302749648
2109	25-29	-0.05395983766473478
2109	30-34	-0.1293818634293089
2109	35-39	-0.13019206647354764
2109	40-44	-0.17605977498018888
2109	45-49	-0.15273563895011932
2109	50-54	-0.09840171608249193
2109	55-59	-0.08971243567197007
2109	60-64	-0.04105645288779414
2109	65-69	-0.09701635394703345
2109	70-74	-0.05128155203832563
2109	75-79	-0.14024049059010224
2109	80-84	-0.15032696249156174
2109	85-89	-0.1273712176727173
2109	90-94	-0.14904809437074107
2109	95-99	-0.04261082928946536
2109	100-104	-0.17741560492095942
2109	105-109	0.02159904042999017
2109	110-114	-0.12787856082474747
2109	115-119	-0.030442258136979206
2109	120-124	-0.0738725807427727
2109	125-129	0.04483897576468365
2109	130-134	-0.23285018535153057
2109	135-139	-0.011977541342425013
2109	140-144	0.09034497581460954
2109	145-149	0.04394875468543091
2109	150-154	0.2561127941946708
2109	155-159	0.18484121052168945
2109	160-164	0.14153622803085852
2109	165-169	0.15554194350344375
2109	170-174	0.12925098156458148
2109	175-179	0.09969458008452392
2109	180-184	0.23957010866416795
2109	185-189	0.30364396507847147
2109	190-194	0.34676354179995883
2109	195-199	0.3000911796689394
2109	200-204	0.17381334097036216
2109	205-209	0.21269211167124524
2109	210-214	0.3073676997356287
2109	215-219	0.4013056157063062
2109	220-224	0.3133121669389496
2109	225-229	0.31346060568759526
2109	230-234	0.25938228481113157
2109	235-239	0.1458717823345026
2109	240-244	0.4819804180032108
2109	245-249	0.42958359130111035
2109	250-251	0.20899365777647105
2110	1	0.10827988343732642
2110	2	0.022600109007470337
2110	3	-0.13670927317732406
2110	4	-0.03595509326881796
2110	5	0.019527093515364413
2110	6	-0.003997696647978444
2110	7	0.03830599582212102
2110	8	0.020157140638886517
2110	9	0.005239497955869865
2110	10-14	-0.067132805832955
2110	15-19	-0.004698226629123781
2110	20-24	-0.0800781148729186
2110	25-29	-0.040588972807555024
2110	30-34	-0.21671603464074707
2110	35-39	-0.12104020938679838
2110	40-44	-0.022640748575241787
2110	45-49	-0.10871426891463898
2110	50-54	-0.05025546960111882
2110	55-59	-0.020614403144350035
2110	60-64	-0.04352049325641616
2110	65-69	0.0048933019352048746
2110	70-74	-0.010055992303513506
2110	75-79	0.003103656427867918
2110	80-84	-0.0704119275354671
2110	85-89	-0.1306691434406062
2110	90-94	-0.08088505934261292
2110	95-99	-0.05013486658896937
2110	100-104	-0.041857582943954696
2110	105-109	0.09996666928981313
2110	110-114	0.00906402388999794
2110	115-119	-0.08311135065137165
2110	120-124	-0.03688375527237042
2110	125-129	0.16322563907093723
2110	130-134	0.004263757464940454
2110	135-139	-0.3141281549196364
2110	140-144	-0.2414882123344313
2110	145-149	-0.38273206341425237
2110	150-154	-0.1576091568537521
2110	155-159	-0.12290412188802691
2110	160-164	-0.23998021800587566
2110	165-169	-0.26150573535343113
2110	170-174	-0.3331209521055314
2110	175-179	-0.3507709047349863
2110	180-184	-0.24571726085431322
2110	185-189	-0.05200245202971132
2110	190-194	-0.006625941533322077
2110	195-199	-0.23820470622082723
2110	200-204	-0.123753201040536
2110	205-209	-0.1577176237317488
2110	210-214	-0.20800778967910105
2110	215-219	-0.07549697699946734
2110	220-224	-0.1489964053357724
2110	225-229	-0.1265382362594707
2110	230-234	-0.12060167532275301
2110	235-239	-0.11112725309227756
2110	240-244	0.05257841292178256
2110	245-249	0.03425281434306271
2110	250-251	0.09877563377791532
2111	1	0.09363672746382434
2111	2	0.13026637078726822
2111	3	0.003708671820447762
2111	4	-0.09417612879196469
2111	5	-0.0742276249913516
2111	6	-0.08530982081408922
2111	7	-0.1810034737155135
2111	8	-0.10208341303557233
2111	9	-0.04090770219239914
2111	10-14	-0.09370354732102015
2111	15-19	-0.04851456849293356
2111	20-24	-0.08361405819723444
2111	25-29	-0.10295969594398002
2111	30-34	-0.10566970946602083
2111	35-39	-0.07883188813844555
2111	40-44	-0.10264260606553677
2111	45-49	-0.07111524227447319
2111	50-54	-0.050724481201164906
2111	55-59	-0.12815388621977775
2111	60-64	-0.212387654850815
2111	65-69	-0.019075724105789504
2111	70-74	-0.17958577045862967
2111	75-79	-0.049624185902089835
2111	80-84	-0.09754438084046768
2111	85-89	-0.09848409867232988
2111	90-94	0.024563274297349835
2111	95-99	-0.08169637240121119
2111	100-104	-0.0935563692698409
2111	105-109	0.022996041386193156
2111	110-114	-0.0612419329457623
2111	115-119	-0.10422774670873025
2111	120-124	-0.11504860420214413
2111	125-129	-0.023374280548885906
2111	130-134	-0.27010000119320665
2111	135-139	-0.09624215587067653
2111	140-144	0.2668801953439157
2111	145-149	0.14707359813477439
2111	150-154	0.13364877826950305
2111	155-159	0.10278785111326272
2111	160-164	0.2943233622622401
2111	165-169	0.13021253821059986
2111	170-174	0.005630277171661646
2111	175-179	0.1743834900564707
2111	180-184	0.21507664085169154
2111	185-189	0.2455930913556088
2111	190-194	0.23610840959428714
2111	195-199	0.0587910621703287
2111	200-204	0.14940583250078276
2111	205-209	0.1602874414510964
2111	210-214	0.17570866965757403
2111	215-219	0.044969837492232045
2111	220-224	0.06381252097114043
2111	225-229	0.2577407164342205
2111	230-234	0.23161804557857835
2111	235-239	0.27305022163344717
2111	240-244	0.21857294867908195
2111	245-249	0.34437882734793135
2111	250-251	-0.11433958194053062
2112	1	-0.049786148342136016
2112	2	-0.04633707588963176
2112	3	0.019696393063817652
2112	4	0.0017773840094150728
2112	5	-0.0693967677637275
2112	6	0.022757922050239188
2112	7	-0.028622740669646873
2112	8	-0.10706734804607265
2112	9	0.02490557756827627
2112	10-14	-1.0855515260743687E-4
2112	15-19	0.03374453424228108
2112	20-24	-0.016842537153969772
2112	25-29	0.07498240113589105
2112	30-34	0.06645819018214638
2112	35-39	0.05947073277381776
2112	40-44	0.08501080827130636
2112	45-49	0.0937337481799716
2112	50-54	0.16787333460903398
2112	55-59	-7.704994342461191E-4
2112	60-64	0.04441353934694803
2112	65-69	0.11557127665048483
2112	70-74	0.07094841742979696
2112	75-79	0.05344225362243549
2112	80-84	0.03998848457378301
2112	85-89	-0.03334968766294111
2112	90-94	0.0542776731748944
2112	95-99	0.08271628886123494
2112	100-104	0.2080083377920019
2112	105-109	-1.427484227190206
2112	110-114	-0.08617087400988055
2112	115-119	-0.021569075165672302
2112	120-124	0.04511182471003394
2112	125-129	0.07978122491272188
2112	130-134	0.11146715496635551
2112	135-139	-0.09191145384480848
2112	140-144	0.07610823160630531
2112	145-149	0.003945829576757376
2112	150-154	0.07969582386338203
2112	155-159	0.028821102534493548
2112	160-164	0.03592072757701459
2112	165-169	-0.006853610287542722
2112	170-174	-0.0884093791054994
2112	175-179	0.15068739046870405
2112	180-184	0.005186800555634363
2112	185-189	0.03191921346510895
2112	190-194	0.009975935976683559
2112	195-199	-0.16434601677421767
2112	200-204	-0.06272510048053448
2112	205-209	-0.1382334598378705
2112	210-214	-0.19167405482387068
2112	215-219	-0.1671399450776505
2112	220-224	0.07735692949737683
2112	225-229	0.07950077546534828
2112	230-234	0.17899095517148567
2112	235-239	0.10457692537137575
2112	240-244	0.038084936466503905
2112	245-249	0.19100715083293807
2112	250-251	0.04097277732870808
2113	1	-0.2004181352012182
2113	2	-0.07603777597938688
2113	3	-0.04073821910421316
2113	4	-0.04187716152396348
2113	5	-0.16291541782248942
2113	6	0.04520836966066355
2113	7	0.09129289012825126
2113	8	-0.014096675266344505
2113	9	0.11791710103183561
2113	10-14	-0.038394249617212495
2113	15-19	-0.01602038941369699
2113	20-24	-0.0476492238115398
2113	25-29	-0.03597312313906542
2113	30-34	0.06660056820544469
2113	35-39	0.0011200641965132263
2113	40-44	0.03493492554319744
2113	45-49	0.0703066990256147
2113	50-54	0.03948927365495791
2113	55-59	-0.012190724580378287
2113	60-64	-0.045301730983105415
2113	65-69	-0.014998307166706581
2113	70-74	0.06300607483943566
2113	75-79	-0.04097448317020991
2113	80-84	-0.030032846303988947
2113	85-89	-0.15072332330805693
2113	90-94	-0.053527486724490814
2113	95-99	-0.10219298467022497
2113	100-104	-0.011477243852390018
2113	105-109	-0.009090514624666923
2113	110-114	-0.14820590176393011
2113	115-119	-0.13327275076864709
2113	120-124	-0.21169641064557254
2113	125-129	-0.27931793828025775
2113	130-134	-0.035561324351924384
2113	135-139	-0.19229205216366552
2113	140-144	-0.28724638649828194
2113	145-149	-0.3774605487362308
2113	150-154	-0.3222383075339508
2113	155-159	-0.4008973672843581
2113	160-164	-0.277070297486425
2113	165-169	-0.5401658284318245
2113	170-174	-0.5126669093984262
2113	175-179	-0.18137165953886125
2113	180-184	-0.37731187450619785
2113	185-189	-0.59854963346163
2113	190-194	-0.7266122136812925
2113	195-199	-0.8080976205810018
2113	200-204	-0.9334251960718021
2113	205-209	-0.8685742967239136
2113	210-214	-0.6861156396085235
2113	215-219	-0.648030474318297
2113	220-224	-0.53295834486606
2113	225-229	-0.5559133409397532
2113	230-234	-0.4430032539425497
2113	235-239	-0.40315111513439916
2113	240-244	-0.5710619704570021
2113	245-249	-0.5326388333178684
2113	250-251	-0.834983234624378
2114	1	-0.2633121237076068
2114	2	-0.17170632681188636
2114	3	-0.22528986349507818
2114	4	-0.16555060831729662
2114	5	-0.1578768426536996
2114	6	0.014530705534241406
2114	7	-0.10108905222324438
2114	8	0.056434889124354015
2114	9	0.16548591203913077
2114	10-14	0.0034262851250446147
2114	15-19	-0.09597744929490659
2114	20-24	-0.12727534298349497
2114	25-29	-0.06660612494942342
2114	30-34	0.04693072162452694
2114	35-39	-0.08369699120834184
2114	40-44	-0.022629675414776784
2114	45-49	-0.010082612076246278
2114	50-54	0.022850396624292557
2114	55-59	-0.19282086236298568
2114	60-64	-0.13729640097059814
2114	65-69	-0.10794856343099468
2114	70-74	-0.11751164372174117
2114	75-79	-0.10337029634368378
2114	80-84	-0.17539878268944875
2114	85-89	-0.04184243337312665
2114	90-94	-0.09846540919858882
2114	95-99	-0.11317763188402097
2114	100-104	-0.2181164249561789
2114	105-109	-0.18982646104734613
2114	110-114	-0.2917871669554657
2114	115-119	-0.1420714551418314
2114	120-124	-0.25378255151854034
2114	125-129	-0.5996696572405185
2114	130-134	-0.08122485231493926
2114	135-139	-0.16866912121027866
2114	140-144	-0.22651233084726385
2114	145-149	-0.3124869835198396
2114	150-154	-0.2231500156345163
2114	155-159	-0.2748009484643035
2114	160-164	-0.3273623138527171
2114	165-169	-0.4174267870642865
2114	170-174	-0.39524748809832033
2114	175-179	-0.22073368127334447
2114	180-184	-0.21866168217034243
2114	185-189	-0.49875688707512467
2114	190-194	-0.7062346016660186
2114	195-199	-0.8297651647352495
2114	200-204	-0.693590921349859
2114	205-209	-0.7277470842198284
2114	210-214	-0.5458930652383884
2114	215-219	-0.6426011306794521
2114	220-224	-0.08662836959533848
2114	225-229	-0.3982932079864341
2114	230-234	-0.27795961887719045
2114	235-239	-0.3193636449746009
2114	240-244	-0.04969638303072088
2114	245-249	-0.4417946061763871
2114	250-251	-0.5769315513059716
>>END_MODULE
>>Per sequence quality scores	pass
#Quality	Count
2	427.0
3	0.0
4	0.0
5	0.0
6	0.0
7	0.0
8	0.0
9	0.0
10	0.0
11	0.0
12	0.0
13	1.0
14	8.0
15	28.0
16	48.0
17	126.0
18	401.0
19	921.0
20	1796.0
21	2754.0
22	3809.0
23	5226.0
24	6703.0
25	8663.0
26	10682.0
27	13313.0
28	16056.0
29	19310.0
30	23467.0
31	28038.0
32	34814.0
33	43090.0
34	56954.0
35	82323.0
36	159501.0
37	668871.0
38	174570.0
>>END_MODULE
>>Per base sequence content	fail
#Base	G	A	T	C
1	45.82793782910127	18.669485182592677	11.503863829837242	23.998713158468806
2	19.325686223670978	17.905533198234558	34.798266289526126	27.97051428856834
3	21.937636662644064	22.70606908840645	27.360880458150845	27.99541379079864
4	15.452454804465457	16.170794426330893	34.26391856467224	34.112832204531415
5	17.53608040702974	33.568274949264506	32.05675029912455	16.838894344581202
6	33.81763722086299	33.30032986331716	17.372360671126053	15.509672244693798
7	28.871670609699933	27.319675087203343	20.760823020361034	23.047831282735682
8	28.541072793951844	30.794587920583073	17.59741103936692	23.066928246098158
9	25.470060735688477	14.09091476658002	18.501138105566543	41.937886392164955
10-14	28.53757658065933	19.353699999926548	23.33785539632442	28.770868023089697
15-19	28.19347868081115	23.18825272333715	21.44221736310599	27.176051232745714
20-24	27.90689202062766	22.287125782149186	22.141048702398063	27.66493349482509
25-29	28.137333608525473	22.130222193168724	21.936388015039594	27.79605618326621
30-34	28.171135233677052	22.070610287534162	21.893258257784034	27.864996221004752
35-39	28.08530890226677	22.18718817778056	21.9151392474699	27.81236367248277
40-44	28.179938621528343	22.052105528620984	21.847559639611024	27.920396210239645
45-49	28.104274163946023	22.006435339438987	21.96824188539962	27.921048611215365
50-54	28.134556124354575	22.050858932358754	21.887816855391872	27.9267680878948
55-59	28.22725646215337	21.976144688279994	21.833690133465964	27.96290871610067
60-64	28.15047322851274	21.997055335764085	21.8519929647039	28.000478471019274
65-69	28.269670171508093	22.020558260010432	21.763975537329586	27.945796031151886
70-74	28.246032992790514	21.93003249471685	21.857083358195066	27.96685115429757
75-79	28.26326801343397	21.904938276913413	21.761767582780195	28.070026126872428
80-84	28.19283442576571	21.986486857767456	21.85175641889107	27.96892229757576
85-89	28.30811672609131	21.82368264965615	21.73745778574371	28.130742838508834
90-94	28.27517262223049	21.87387295552269	21.758150636629235	28.092803785617587
95-99	28.221745948006603	21.95759852074598	21.72517716808506	28.095478363162357
100-104	28.310977362512684	21.86153129509208	21.681697921531416	28.145793420863814
105-109	28.312165561859075	21.92967826447171	21.676300924810793	28.081855248858425
110-114	28.291951118960124	21.89179331014514	21.706560402316253	28.109695168578487
115-119	28.33195826899575	21.7943752959353	21.69308835329802	28.18057808177093
120-124	28.301690560620823	21.813528899041934	21.732594106725692	28.152186433611554
125-129	28.247055864094623	21.88935686549582	21.723687384752736	28.13989988565682
130-134	28.374325636865766	21.730415992588757	21.657626987151257	28.23763138339422
135-139	28.32159307806579	21.78411578039609	21.68462778406479	28.20966335747333
140-144	28.3093148724455	21.82226185715183	21.65294511532692	28.215478155075747
145-149	28.400445198920387	21.788333603826803	21.606792744826716	28.204428452426093
150-154	28.350218523156993	21.744363360036655	21.614706235390788	28.290711881415557
155-159	28.348270815022268	21.826537756789367	21.573270939165067	28.2519204890233
160-164	28.367679827041396	21.697056489197962	21.631439353725	28.30382433003564
165-169	28.39715412849729	21.77831558476273	21.571117487776345	28.253412798963634
170-174	28.34084126660063	21.760104676279845	21.6085124777251	28.290541579394425
175-179	28.44813803722927	21.70642275390902	21.596109336726716	28.249329872134993
180-184	28.381925311486462	21.716244998017462	21.61478241585214	28.287047274643935
185-189	28.425891094066564	21.773788186535945	21.575200224940104	28.225120494457386
190-194	28.441657564435154	21.686710968233413	21.59366054825411	28.277970919077323
195-199	28.392837227401017	21.68747003232642	21.60031650747676	28.319376232795808
200-204	28.369557779565696	21.783125262450902	21.57559316159821	28.271723796385196
205-209	28.44713505670711	21.679630002569887	21.537831191402912	28.335403749320086
210-214	28.43369571478301	21.70288394193549	21.556245090403362	28.307175252878142
215-219	28.386165835491333	21.735240598122623	21.540464428909395	28.33812913747665
220-224	28.454173880517352	21.711799308730225	21.45285831931992	28.381168491432508
225-229	28.428587062231703	21.68274131414975	21.505149324561966	28.383522299056587
230-234	28.46370506522443	21.70273581763953	21.500278561419055	28.333280555716982
235-239	28.49239551090405	21.651260489405832	21.474679287407078	28.38166471228304
240-244	28.490292854799364	21.609203600416528	21.47953725232872	28.420966292455386
245-249	28.6321567663361	21.805360030810377	21.518622057567253	28.043861145286268
250-251	35.69323677300686	27.381520913037694	21.843795174757275	15.081447139198168
>>END_MODULE
>>Per sequence GC content	warn
#GC Content	Count
0	427.0
1	213.5
2	0.0
3	0.0
4	0.0
5	0.0
6	0.0
7	0.0
8	0.0
9	0.0
10	0.0
11	0.5
12	1.0
13	2.0
14	2.5
15	3.0
16	2.5
17	3.0
18	7.5
19	13.666666666666666
20	21.5
21	34.33333333333332
22	52.33333333333334
23	71.50000000000001
24	102.66666666666657
25	161.33333333333331
26	243.33333333333417
27	356.3333333333323
28	505.83333333332814
29	706.0000000000052
30	985.8333333333555
31	1299.4999999999898
32	1634.6666666666067
33	2035.4999999998802
34	2413.666666666648
35	2770.666666666759
36	3294.000000000252
37	3649.6666666670435
38	4393.666666666996
39	5107.333333333219
40	5588.66666666623
41	6224.666666665823
42	7047.999999998568
43	8086.8333333311975
44	9274.499999999243
45	10505.166666667557
46	12043.666666669755
47	13672.8333333387
48	15794.83333334171
49	18203.66666667076
50	21069.666666662735
51	24416.833333319562
52	28061.999999975447
53	31510.833333298364
54	35037.66666664115
55	38536.33333332873
56	41699.16666668134
57	43989.50000002861
58	45025.00000003491
59	44728.0000000331
60	43687.33333336016
61	41394.000000012624
62	37661.16666665659
63	33521.666666631274
64	28618.333333305705
65	23524.16666665487
66	18710.66666666944
67	13950.166666672685
68	10184.500000000538
69	7106.833333331812
70	4767.000000000087
71	3081.5000000002115
72	1912.666666666565
73	1136.6666666666783
74	672.6666666666717
75	403.33333333333013
76	244.00000000000134
77	145.49999999999997
78	91.16666666666656
79	50.833333333333385
80	30.499999999999968
81	16.000000000000007
82	7.166666666666665
83	4.666666666666666
84	4.0
85	2.6666666666666665
86	2.6666666666666665
87	2.333333333333333
88	1.3333333333333333
89	1.3333333333333333
90	1.0
91	0.3333333333333333
92	0.0
93	0.0
94	0.0
95	0.0
96	0.0
97	0.0
98	0.0
99	0.0
100	0.0
>>END_MODULE
>>Per base N content	pass
#Base	N-Count
1	0.03135325647991776
2	0.03135325647991776
3	0.03135325647991776
4	0.03135325647991776
5	0.03135325647991776
6	0.03135325647991776
7	0.03135325647991776
8	0.03135325647991776
9	0.03135325647991776
10-14	0.03135325647991776
15-19	0.03135325647991776
20-24	0.03135325647991776
25-29	0.03135325647991776
30-34	0.03135325647991776
35-39	0.006273702695253202
40-44	0.0
45-49	0.0
50-54	0.0
55-59	0.0
60-64	0.0
65-69	0.0
70-74	0.0
75-79	0.0
80-84	0.0
85-89	0.0
90-94	0.0
95-99	0.0
100-104	0.0
105-109	0.0
110-114	0.0
115-119	0.0
120-124	0.0
125-129	0.0
130-134	0.0
135-139	0.0
140-144	0.0
145-149	0.0
150-154	0.0
155-159	0.0
160-164	0.0
165-169	0.0
170-174	0.0
175-179	0.0
180-184	0.0
185-189	0.0
190-194	0.0
195-199	0.0
200-204	0.0
205-209	0.0
210-214	0.0
215-219	0.0
220-224	0.0
225-229	0.0
230-234	0.0
235-239	0.0
240-244	0.0
245-249	0.0
250-251	0.0
>>END_MODULE
>>Sequence Length Distribution	warn
#Length	Count
35-39	1377.0
40-44	1123.0
45-49	1379.0
50-54	1464.0
55-59	1592.0
60-64	1644.0
65-69	1761.0
70-74	1884.0
75-79	2067.0
80-84	2282.0
85-89	2329.0
90-94	2581.0
95-99	2657.0
100-104	3016.0
105-109	3124.0
110-114	3495.0
115-119	3535.0
120-124	3957.0
125-129	4110.0
130-134	4504.0
135-139	4797.0
140-144	4985.0
145-149	5360.0
150-154	5683.0
155-159	5828.0
160-164	6185.0
165-169	6725.0
170-174	7194.0
175-179	7653.0
180-184	8060.0
185-189	8399.0
190-194	9026.0
195-199	9386.0
200-204	9908.0
205-209	10547.0
210-214	11098.0
215-219	11646.0
220-224	12203.0
225-229	12632.0
230-234	13261.0
235-239	14038.0
240-244	14365.0
245-249	102286.0
250-252	1010754.0
>>END_MODULE
>>Sequence Duplication Levels	pass
#Total Deduplicated Percentage	74.8809014427331
#Duplication Level	Percentage of deduplicated	Percentage of total
1	78.94345021802775	59.11356715325443
2	14.388712225724005	21.548794841245762
3	4.0252550227177615	9.042441739139853
4	1.4281269525416644	4.277577343239326
5	0.5560258974302852	2.0817860212542207
6	0.28411971432860117	1.2765084195946481
7	0.13744620422143614	0.7204466970388189
8	0.08042931048041055	0.48180954169524826
9	0.04820685850708455	0.32487957186595007
>10	0.10783533326719182	1.0858527821433919
>50	2.9419706535544854E-4	0.014980224189823404
>100	9.806568845181619E-5	0.03135566533850291
>500	0.0	0.0
>1k	0.0	0.0
>5k	0.0	0.0
>10k+	0.0	0.0
>>END_MODULE
>>Overrepresented sequences	pass
>>END_MODULE
>>Adapter Content	pass
#Position	Illumina Universal Adapter	Illumina Small RNA 3' Adapter	Illumina Small RNA 5' Adapter	Nextera Transposase Sequence	SOLID Small RNA Adapter
1	0.0	0.0	0.0	0.0	0.0
2	0.0	0.0	0.0	0.0	0.0
3	0.0	0.0	0.0	0.0	0.0
4	0.0	0.0	0.0	0.0	0.0
5	0.0	0.0	0.0	0.0	0.0
6	7.342683016374182E-5	0.0	0.0	0.0	0.0
7	7.342683016374182E-5	0.0	0.0	0.0	0.0
8	7.342683016374182E-5	0.0	0.0	0.0	0.0
9	7.342683016374182E-5	0.0	0.0	0.0	0.0
10-14	7.342683016374182E-5	8.811219619649019E-5	0.0	0.0	0.0
15-19	1.0279756222923856E-4	1.4685366032748365E-4	0.0	0.0	0.0
20-24	2.202804904912255E-4	2.2028049049122546E-4	0.0	0.0	0.0
25-29	2.937073206549673E-4	3.965048828842059E-4	0.0	0.0	0.0
30-34	3.5244878478596077E-4	5.874146413099346E-4	0.0	2.937073206549673E-5	0.0
35-39	4.40560980982451E-4	6.167853733754314E-4	0.0	2.7902195462221896E-4	0.0
40-44	6.608414714736765E-4	7.342683016374183E-4	0.0	4.84617079080696E-4	0.0
45-49	6.608414714736765E-4	8.81121961964902E-4	0.0	5.139878111461928E-4	0.0
50-54	6.608414714736765E-4	8.81121961964902E-4	0.0	6.314707394081797E-4	0.0
55-59	6.608414714736765E-4	8.81121961964902E-4	0.0	7.342683016374183E-4	0.0
60-64	6.608414714736765E-4	8.81121961964902E-4	0.0	7.342683016374183E-4	0.0
65-69	6.608414714736765E-4	8.958073279976503E-4	0.0	8.664365959321537E-4	0.0
70-74	6.608414714736765E-4	9.545487921286438E-4	0.0	8.81121961964902E-4	0.0
75-79	6.608414714736765E-4	9.545487921286438E-4	0.0	9.25178060063147E-4	0.0
80-84	6.902122035391732E-4	0.0010279756222923856	0.0	0.0012335707467508628	0.0
85-89	7.63639033702915E-4	0.0010279756222923856	0.0	0.0015272780674058302	0.0
90-94	8.370658638666569E-4	0.0010279756222923856	0.0	0.0017769292899625522	0.0
95-99	8.81121961964902E-4	0.0010279756222923856	0.0	0.0019825244144210294	0.0
100-104	8.81121961964902E-4	0.0010279756222923856	5.874146413099346E-5	0.002232175636977752	0.0
105-109	9.104926940303986E-4	0.0010279756222923856	7.342683016374182E-5	0.002555253689698216	0.0
110-114	9.545487921286438E-4	0.0010279756222923856	7.342683016374182E-5	0.0029811293046479183	0.0
115-119	0.0011014024524561275	0.001086717086423379	7.342683016374182E-5	0.0033042073573683823	0.0
120-124	0.0011160878184888758	0.001204200014685366	7.342683016374182E-5	0.003920992730743813	0.0
125-129	0.0011748292826198692	0.0012482561127836111	7.342683016374182E-5	0.00458183420221749	0.0
130-134	0.0011748292826198692	0.0012482561127836111	7.342683016374182E-5	0.004919597620970702	0.0
135-139	0.0011748292826198692	0.0012482561127836111	7.342683016374182E-5	0.005683236654673618	0.0
140-144	0.0011748292826198692	0.0012923122108818564	7.342683016374182E-5	0.006329392760114546	0.0
145-149	0.0012335707467508628	0.001365739041045598	7.342683016374182E-5	0.006960863499522726	0.0
150-154	0.0012482561127836111	0.0014244805051765916	7.342683016374182E-5	0.007548278140832661	0.0
155-159	0.0012482561127836111	0.001512592701373082	7.342683016374182E-5	0.008047580585946104	0.0
160-164	0.0012482561127836111	0.0015419634334385784	7.342683016374182E-5	0.00863499522725604	0.0
165-169	0.0012482561127836111	0.0015419634334385784	7.342683016374182E-5	0.009046185476172993	0.0
170-174	0.0012482561127836111	0.0015419634334385784	7.342683016374182E-5	0.009501431823188192	0.0
175-179	0.0012482561127836111	0.0015419634334385784	7.342683016374182E-5	0.00997136353623614	0.0
180-184	0.0012482561127836111	0.0015419634334385784	7.342683016374182E-5	0.010558778177546075	0.0
185-189	0.0012629414788163595	0.0016153902636023205	7.342683016374182E-5	0.011248990381085249	0.0
190-194	0.0013363683089801014	0.0016300756296350686	7.342683016374182E-5	0.012350392833541377	0.0
195-199	0.001483221969307585	0.0018209853880607977	7.342683016374182E-5	0.01365739041045598	0.0
200-204	0.001762243923929804	0.0019825244144210294	7.342683016374182E-5	0.015052500183567075	0.0
205-209	0.0018209853880607973	0.0019825244144210294	7.342683016374182E-5	0.017035024597988106	0.0
210-214	0.0019090975842572875	0.0019825244144210294	7.342683016374182E-5	0.01935531243116235	0.0
215-219	0.0019090975842572875	0.0019825244144210294	7.342683016374182E-5	0.021337836845583373	0.0
220-224	0.002026580512519275	0.0020265805125192745	7.342683016374182E-5	0.022835744180923705	0.0
225-229	0.0021293780747485133	0.002100007342683016	7.342683016374182E-5	0.02550848079888391	0.0
230-234	0.0021293780747485133	0.0021881195388795066	7.342683016374182E-5	0.027799397899992657	0.0
235-239	0.0021293780747485133	0.002202804904912255	7.342683016374182E-5	0.02991409060870842	0.0
240	0.0021293780747485133	0.002202804904912255	7.342683016374182E-5	0.030178427197297894	0.0
>>END_MODULE
