##FastQC	0.11.9
>>Basic Statistics	pass
#Measure	Value
Filename	ERR1795073_1.fastq.gz
File type	Conventional base calls
Encoding	Sanger / Illumina 1.9
Total Sequences	848614
Sequences flagged as poor quality	0
Sequence length	35-251
%GC	56
>>END_MODULE
>>Per base sequence quality	pass
#Base	Mean	Median	Lower Quartile	Upper Quartile	10th Percentile	90th Percentile
1	32.34414233090663	33.0	32.0	34.0	32.0	34.0
2	32.62021484444046	33.0	32.0	34.0	32.0	34.0
3	32.72986658245092	33.0	32.0	34.0	32.0	34.0
4	32.75084903147957	33.0	32.0	34.0	32.0	34.0
5	32.54424980026255	33.0	32.0	34.0	32.0	34.0
6	35.02520816295748	37.0	34.0	37.0	32.0	37.0
7	35.001680387078224	37.0	34.0	37.0	32.0	37.0
8	34.831471081080444	37.0	33.0	37.0	32.0	37.0
9	34.89217359129121	37.0	34.0	37.0	32.0	37.0
10-14	35.51296231266512	36.6	35.0	37.4	33.4	37.4
15-19	36.840578637637364	38.0	38.0	38.0	36.0	38.0
20-24	37.05643083899158	38.0	38.0	38.4	36.0	38.4
25-29	37.23701140919193	38.0	38.0	39.0	35.8	39.0
30-34	37.196872311793115	38.0	38.0	39.0	35.4	39.0
35-39	37.22044819402867	38.0	38.0	39.0	35.8	39.0
40-44	37.14578109957108	38.0	38.0	39.0	35.2	39.0
45-49	37.207601757265465	38.0	38.0	39.0	36.0	39.0
50-54	37.16957292091733	38.0	38.0	39.0	35.8	39.0
55-59	37.111456062856675	38.0	38.0	39.0	35.6	39.0
60-64	37.099377248435815	38.0	38.0	39.0	35.8	39.0
65-69	37.09706590481317	38.0	38.0	39.0	35.8	39.0
70-74	36.987556518328184	38.0	38.0	39.0	34.4	39.0
75-79	36.960237551288664	38.0	38.0	39.0	34.2	39.0
80-84	36.84030831285052	38.0	38.0	39.0	34.0	39.0
85-89	36.74892369124042	38.0	37.6	39.0	34.0	39.0
90-94	36.65931993976278	38.0	37.6	39.0	33.6	39.0
95-99	36.64801481085193	38.0	37.6	39.0	33.6	39.0
100-104	36.53406985957892	38.0	37.0	39.0	33.2	39.0
105-109	36.42880486021578	38.0	37.0	39.0	32.8	39.0
110-114	36.3541366023566	38.0	37.0	39.0	32.6	39.0
115-119	36.260850817156644	38.0	37.0	39.0	32.4	39.0
120-124	36.095089428930734	38.0	37.0	39.0	31.6	39.0
125-129	35.87113439040199	38.0	37.0	39.0	30.8	39.0
130-134	35.79005383191188	38.0	37.0	39.0	31.0	39.0
135-139	35.687073022920636	38.0	37.0	38.6	30.4	39.0
140-144	35.45369474391462	38.0	37.0	38.0	29.8	39.0
145-149	35.26900935131666	37.6	36.6	38.0	28.6	39.0
150-154	35.08020010509714	37.0	36.0	38.0	27.4	39.0
155-159	34.92610117963363	37.0	35.8	38.0	26.8	39.0
160-164	34.69569005517127	37.0	35.6	38.0	26.0	39.0
165-169	34.525122139013476	37.0	35.2	38.0	25.8	38.2
170-174	34.32973458778552	37.0	35.0	37.8	25.2	38.0
175-179	34.28275708430367	37.0	35.0	37.0	25.4	38.0
180-184	34.05999273188848	37.0	34.2	37.0	24.2	38.0
185-189	33.834385674557446	37.0	33.2	37.0	24.0	38.0
190-194	33.5779828763767	37.0	33.0	37.0	24.0	38.0
195-199	33.47459561730595	37.0	33.0	37.0	24.0	37.4
200-204	33.25106250886985	37.0	33.0	37.0	22.2	37.0
205-209	33.05978159208131	37.0	33.0	37.0	16.6	37.0
210-214	32.986120675686195	37.0	33.0	37.0	14.8	37.0
215-219	32.690820882438416	37.0	32.2	37.0	14.2	37.0
220-224	32.452131962533066	37.0	32.0	37.0	14.0	37.0
225-229	32.342933760614315	37.0	32.0	37.0	14.0	37.0
230-234	32.13617963563471	37.0	31.8	37.0	14.0	37.0
235-239	31.876619379771164	37.0	31.0	37.0	14.0	37.0
240-244	31.65103437451404	37.0	30.6	37.0	14.0	37.0
245-249	31.453284243663056	37.0	29.4	37.0	14.0	37.0
250-251	29.01531557169834	34.5	20.0	37.0	12.5	37.0
>>END_MODULE
>>Per tile sequence quality	pass
#Tile	Base	Mean
1101	1	-0.18732389974610442
1101	2	0.1210061871717727
1101	3	0.2726165310308559
1101	4	0.20693003897988405
1101	5	0.3407372955211585
1101	6	0.31053236536736506
1101	7	0.3352546827771121
1101	8	0.3149817211616508
1101	9	0.26188296924212295
1101	10-14	0.21221788344601578
1101	15-19	0.14752978444744969
1101	20-24	0.09850519602599661
1101	25-29	0.24512101197404945
1101	30-34	0.2332508192235423
1101	35-39	-0.021735149373711238
1101	40-44	0.15855663265932662
1101	45-49	0.20035418048404097
1101	50-54	0.19324114282723315
1101	55-59	0.10905704463520749
1101	60-64	0.05786405109206072
1101	65-69	0.128349748490443
1101	70-74	0.1828190382204653
1101	75-79	0.20633891935202797
1101	80-84	0.23192311951227396
1101	85-89	0.21205215282228806
1101	90-94	0.17224321753253946
1101	95-99	0.22884029623906343
1101	100-104	0.18337445869669722
1101	105-109	0.06988401713784498
1101	110-114	0.28561032229021066
1101	115-119	0.24999957487122515
1101	120-124	0.12648024918390632
1101	125-129	0.31039041670720735
1101	130-134	0.08635407497524739
1101	135-139	0.21078669101027714
1101	140-144	0.2508421030126584
1101	145-149	0.3392305625666978
1101	150-154	0.31964563921520295
1101	155-159	0.39459025712798734
1101	160-164	0.3181310649931106
1101	165-169	0.3458326439446324
1101	170-174	0.4255755159216079
1101	175-179	0.3297003502830975
1101	180-184	0.3641216729267569
1101	185-189	0.3859566897490936
1101	190-194	0.09899986860625631
1101	195-199	0.42046848079201027
1101	200-204	0.19327948199396872
1101	205-209	0.38564212208814297
1101	210-214	0.21182758092197673
1101	215-219	0.4413826691008822
1101	220-224	0.1518942036511035
1101	225-229	0.30263221868856505
1101	230-234	0.5164272442155493
1101	235-239	0.5960890186287919
1101	240-244	0.4745558932419307
1101	245-249	0.33060343720460494
1101	250-251	0.33635900140150454
1102	1	0.2849841525269028
1102	2	0.15496146193081017
1102	3	0.18363527734677376
1102	4	0.17164507195160184
1102	5	0.12122654714878678
1102	6	0.03984061447854259
1102	7	0.4638355325980754
1102	8	-0.14900819393265152
1102	9	-0.15177632669266217
1102	10-14	0.007934239106596408
1102	15-19	-0.046631008465524815
1102	20-24	-0.20900429173316581
1102	25-29	-0.3407650861044189
1102	30-34	-0.27364338742045646
1102	35-39	-0.4633112784810507
1102	40-44	-0.37988049473472785
1102	45-49	-0.26129998848910674
1102	50-54	-0.2547577663285807
1102	55-59	-0.47080735344614055
1102	60-64	-0.4760988856645696
1102	65-69	-0.35042821957165415
1102	70-74	-0.2715575363002003
1102	75-79	-0.0521206356383388
1102	80-84	-0.6602653107145287
1102	85-89	-0.5977838953348495
1102	90-94	-0.45083850715809604
1102	95-99	-0.34045609399907306
1102	100-104	-0.674916797671969
1102	105-109	-0.9603044928260758
1102	110-114	-0.2020969416246814
1102	115-119	-0.4536142333825737
1102	120-124	-0.6912878112112821
1102	125-129	-0.6419065460880446
1102	130-134	-0.7388423897519374
1102	135-139	-0.18331281991024184
1102	140-144	-0.12480166652847657
1102	145-149	-0.022456619703902447
1102	150-154	0.03195558534872589
1102	155-159	0.3822677659138449
1102	160-164	0.3071261405442627
1102	165-169	0.15065752958278722
1102	170-174	0.4003930218097409
1102	175-179	0.2887907030797763
1102	180-184	0.281613373218903
1102	185-189	0.41029898474925375
1102	190-194	0.028047316651800713
1102	195-199	0.36027794823532844
1102	200-204	0.121063001915374
1102	205-209	0.5167942128226386
1102	210-214	0.4150810103863378
1102	215-219	0.7266726964258368
1102	220-224	0.18233104235144282
1102	225-229	0.3429386328498012
1102	230-234	0.6876352635518685
1102	235-239	0.6403015127648963
1102	240-244	0.7822564704221513
1102	245-249	0.8328916186131039
1102	250-251	0.7954325417452459
1103	1	0.27124989655571596
1103	2	0.24436064233997
1103	3	0.13321449596843848
1103	4	0.1642373033175275
1103	5	0.3147068603663996
1103	6	0.4154742522224595
1103	7	0.4322679705986374
1103	8	-0.35123639831202524
1103	9	0.07632449426800036
1103	10-14	0.1912087560120952
1103	15-19	0.32591216141903345
1103	20-24	0.08176705403850093
1103	25-29	0.028972275523187818
1103	30-34	0.22568067752655452
1103	35-39	0.15429025919484474
1103	40-44	0.1665170318399518
1103	45-49	0.3706570803772564
1103	50-54	0.1642727047121184
1103	55-59	0.48223626146187115
1103	60-64	0.34443412430704257
1103	65-69	0.4637411745421858
1103	70-74	0.49849728168855023
1103	75-79	0.4923888873799811
1103	80-84	0.32745238947193656
1103	85-89	0.33870038651668466
1103	90-94	0.504706694014331
1103	95-99	0.551059359202732
1103	100-104	0.5628919058379083
1103	105-109	0.5254016737044438
1103	110-114	0.5085839482274324
1103	115-119	0.62651027463059
1103	120-124	0.8151356797164553
1103	125-129	0.4749032033363676
1103	130-134	0.5111429794676283
1103	135-139	0.6356793208792837
1103	140-144	0.7655292626219463
1103	145-149	0.6960973372240176
1103	150-154	0.7893121468626418
1103	155-159	0.7831896757504211
1103	160-164	0.8504903974202023
1103	165-169	0.8581373515664126
1103	170-174	0.8792670688432267
1103	175-179	0.6494809387948095
1103	180-184	0.6907916333402682
1103	185-189	0.9206461423179135
1103	190-194	0.7672702300891814
1103	195-199	0.8338601849359364
1103	200-204	0.962595289812235
1103	205-209	0.8954096839044468
1103	210-214	1.0019947811789507
1103	215-219	1.191297486743224
1103	220-224	1.0476063847434176
1103	225-229	0.9692392003173254
1103	230-234	0.8946516509770746
1103	235-239	0.7585805088403426
1103	240-244	1.1210703932831585
1103	245-249	0.8558464196827416
1103	250-251	1.0719571545141555
1104	1	0.18635810409851672
1104	2	0.19880046031927634
1104	3	0.11793772049058049
1104	4	0.2052197357609984
1104	5	0.2822399680347445
1104	6	0.24177901978116978
1104	7	0.40482652685103915
1104	8	-1.0237685392337283
1104	9	0.14796559434397238
1104	10-14	-0.1088384647955607
1104	15-19	0.18597811804887243
1104	20-24	0.13770568332792266
1104	25-29	-0.27035372505957866
1104	30-34	-0.08614690933767832
1104	35-39	-0.06659389984930186
1104	40-44	-0.28422793892345055
1104	45-49	0.27804260079717835
1104	50-54	-0.2294654016681008
1104	55-59	0.3061349948564427
1104	60-64	0.18260713188290367
1104	65-69	0.15635697713801022
1104	70-74	0.3268747222981929
1104	75-79	0.3677082014618307
1104	80-84	-0.04275605796333792
1104	85-89	-0.10033991589439495
1104	90-94	0.08058807636203369
1104	95-99	0.2789494647564794
1104	100-104	0.2047643236786456
1104	105-109	0.04649838052019817
1104	110-114	0.15143337161160986
1104	115-119	0.13010550706852797
1104	120-124	0.45626284118876015
1104	125-129	0.1513135590456045
1104	130-134	0.2646375692164895
1104	135-139	0.5451642349270571
1104	140-144	0.6106436247221652
1104	145-149	0.5425817080116104
1104	150-154	0.7034577449332815
1104	155-159	0.6598276687758968
1104	160-164	0.7253684488085739
1104	165-169	0.7602747433848833
1104	170-174	0.9259507473417941
1104	175-179	0.6303554436492362
1104	180-184	0.6701005661817021
1104	185-189	0.78729900192522
1104	190-194	0.4709964668908455
1104	195-199	0.7630558740854241
1104	200-204	0.8171524676231741
1104	205-209	0.7515765424482126
1104	210-214	0.9159502073821386
1104	215-219	1.0881769762004012
1104	220-224	0.7571072907225087
1104	225-229	0.8747636965766148
1104	230-234	0.6776375167068309
1104	235-239	0.7440051500534572
1104	240-244	0.9638691354904658
1104	245-249	0.47190180397992165
1104	250-251	0.6472556559531846
1105	1	0.26070491567686815
1105	2	0.23266170020025356
1105	3	0.18956917978016463
1105	4	0.24311002547005955
1105	5	0.22385390663995963
1105	6	0.14596760091053795
1105	7	0.25894067636849627
1105	8	0.4642684637549692
1105	9	0.42669045428463903
1105	10-14	0.06284031503763998
1105	15-19	0.3138991002522289
1105	20-24	0.30705072324341387
1105	25-29	0.25306746206884156
1105	30-34	0.23553925650629282
1105	35-39	0.35900870601007995
1105	40-44	0.05118895294190651
1105	45-49	0.2788824371434373
1105	50-54	0.10365355214187844
1105	55-59	0.28320451096968924
1105	60-64	0.2856737947256036
1105	65-69	0.29190110435647654
1105	70-74	0.41694859466647927
1105	75-79	0.3266005292187941
1105	80-84	0.3069494733189515
1105	85-89	0.11618230859083667
1105	90-94	0.06888978358323783
1105	95-99	0.1489559779641425
1105	100-104	0.4327683673055702
1105	105-109	0.08986953315350377
1105	110-114	0.022542383141875177
1105	115-119	0.38112600785458994
1105	120-124	0.40596981136833676
1105	125-129	0.20823531657443795
1105	130-134	0.3802202016374423
1105	135-139	0.5591412207596065
1105	140-144	0.544216378756424
1105	145-149	0.38127115822538116
1105	150-154	0.3335643632686853
1105	155-159	0.29644237830165565
1105	160-164	0.3301872289474659
1105	165-169	0.3030701859872664
1105	170-174	0.517319355438957
1105	175-179	0.3228317839263113
1105	180-184	0.4854288109426861
1105	185-189	0.4728012846508989
1105	190-194	0.5594386077139646
1105	195-199	0.5191407707344595
1105	200-204	0.5184010846321456
1105	205-209	0.5701806943517127
1105	210-214	0.7550386802713263
1105	215-219	0.7739681484213818
1105	220-224	0.6157590093666698
1105	225-229	0.7208263308098637
1105	230-234	0.5044240917169134
1105	235-239	0.045328995086205026
1105	240-244	0.8578130733037987
1105	245-249	0.9445275105232369
1105	250-251	0.9298868936616209
1106	1	-0.06807030393664348
1106	2	-0.03986683125274482
1106	3	0.06050733205140091
1106	4	-0.08542477812147098
1106	5	-0.014292305246620174
1106	6	0.025771556330660417
1106	7	-0.0034896206627763604
1106	8	0.14994061527928437
1106	9	0.141954772119405
1106	10-14	-0.0731291962944951
1106	15-19	-0.04030856632098789
1106	20-24	-0.05092740629600456
1106	25-29	-0.0815749963361938
1106	30-34	-0.25011055047009734
1106	35-39	0.03218946453051075
1106	40-44	-0.36495106526172805
1106	45-49	-0.0395707403511949
1106	50-54	-0.3442820430328126
1106	55-59	-0.15460561221978253
1106	60-64	-0.33347900152871546
1106	65-69	-0.09069576996339634
1106	70-74	-0.12439950187914661
1106	75-79	0.021126144249755896
1106	80-84	0.07361204637473406
1106	85-89	-0.19399528670847133
1106	90-94	-0.1225039293336323
1106	95-99	-0.030140145651195382
1106	100-104	0.2126271261924657
1106	105-109	-0.05225526482863785
1106	110-114	-0.7132317235991366
1106	115-119	-0.12036592129303614
1106	120-124	-0.12938609590660377
1106	125-129	-0.35291582434621205
1106	130-134	-0.2508156460008024
1106	135-139	-0.0817688069823106
1106	140-144	-0.14925188140572487
1106	145-149	-0.2503343738629056
1106	150-154	-0.3052451955164486
1106	155-159	-0.4683596750413912
1106	160-164	-0.32963221517546515
1106	165-169	0.0396176256251195
1106	170-174	-0.25935387296799206
1106	175-179	0.01519032247744434
1106	180-184	-0.03051977741917966
1106	185-189	-0.21409507495775415
1106	190-194	-0.022652795976135565
1106	195-199	0.16928057833332133
1106	200-204	0.135234105688383
1106	205-209	-0.16610977416312522
1106	210-214	0.29156306112577113
1106	215-219	0.5231994985494026
1106	220-224	0.3761805330658561
1106	225-229	0.28943264878268593
1106	230-234	0.2781892922986202
1106	235-239	0.4080858759076911
1106	240-244	0.630638377672387
1106	245-249	0.6356104130480844
1106	250-251	0.1537378835242258
1107	1	-0.11555284906221885
1107	2	0.12044314906582798
1107	3	0.09258880772864586
1107	4	0.11136461742260906
1107	5	0.14979294701876
1107	6	0.16716985914739269
1107	7	-0.07732711769038048
1107	8	0.24952838453887694
1107	9	0.194137651469525
1107	10-14	0.20194646269995076
1107	15-19	0.0012832603139614207
1107	20-24	0.18042799311065494
1107	25-29	0.10470501608864424
1107	30-34	0.2540832918661309
1107	35-39	0.1463506075210077
1107	40-44	0.1859577790986151
1107	45-49	0.2776523072248054
1107	50-54	0.40626521239125424
1107	55-59	0.1813247952143726
1107	60-64	0.302415140554821
1107	65-69	0.08235560908349981
1107	70-74	0.28683961927588086
1107	75-79	0.2713304163712138
1107	80-84	0.2988473770462363
1107	85-89	0.2571939893967752
1107	90-94	0.3792108954034177
1107	95-99	0.2825999059554789
1107	100-104	0.5481589528056503
1107	105-109	0.2128224243772152
1107	110-114	0.32187074759665535
1107	115-119	0.2581483890155596
1107	120-124	0.4338861036120534
1107	125-129	0.2570026489788333
1107	130-134	0.3309063902223812
1107	135-139	0.4698648263605847
1107	140-144	0.36726673744855276
1107	145-149	0.42371739683665055
1107	150-154	0.5686189058583295
1107	155-159	0.4775283316393981
1107	160-164	0.5794006105510974
1107	165-169	0.5807112586887655
1107	170-174	0.654581239054302
1107	175-179	0.6978173260885043
1107	180-184	0.3311131860530452
1107	185-189	0.7942595330634319
1107	190-194	0.7986490795476868
1107	195-199	0.4996627445188224
1107	200-204	0.5354636835348927
1107	205-209	0.2649561189516447
1107	210-214	0.5585285443893895
1107	215-219	0.6344420476037342
1107	220-224	0.5221121617314068
1107	225-229	0.3542626944100533
1107	230-234	0.8456096946025937
1107	235-239	0.8092377052659536
1107	240-244	0.9398254392446752
1107	245-249	0.8992116665251473
1107	250-251	0.5545887383689383
1108	1	0.0988881511471007
1108	2	-0.10890565360663373
1108	3	0.01343162742444548
1108	4	0.03640695610276623
1108	5	-0.01208057618826075
1108	6	0.16522047088317748
1108	7	-0.11211536399037669
1108	8	0.16851334160151055
1108	9	0.07217005714213087
1108	10-14	0.2116823778744319
1108	15-19	0.05203174615699169
1108	20-24	0.05890342590844
1108	25-29	0.14155338589870325
1108	30-34	0.24492674470392473
1108	35-39	0.1784525945128408
1108	40-44	0.23369782647228732
1108	45-49	0.22901451607043555
1108	50-54	0.3975578218428666
1108	55-59	0.1749382288005492
1108	60-64	0.29743246126785294
1108	65-69	0.37269533483880224
1108	70-74	0.15458060805026008
1108	75-79	0.06907477823934016
1108	80-84	0.14360609075965414
1108	85-89	0.15807471975004006
1108	90-94	0.19282719229822476
1108	95-99	0.23924283809777336
1108	100-104	0.3817016071085888
1108	105-109	0.37329025547926165
1108	110-114	0.32799582133694116
1108	115-119	0.3049138801701545
1108	120-124	0.4984959214712248
1108	125-129	0.43603078492989056
1108	130-134	0.3822238168275902
1108	135-139	0.4070911340385095
1108	140-144	0.44255610531166667
1108	145-149	0.25096713037834917
1108	150-154	0.34860414496653647
1108	155-159	0.4215424919284416
1108	160-164	0.5944195906646499
1108	165-169	0.42741897145371865
1108	170-174	0.35782783039198307
1108	175-179	0.4394291245714186
1108	180-184	0.3069512387475797
1108	185-189	0.4617514717572533
1108	190-194	0.7423014700492203
1108	195-199	0.5380497346854511
1108	200-204	0.5759460614973833
1108	205-209	0.7089566627538346
1108	210-214	0.7612125947842401
1108	215-219	0.6691862499773151
1108	220-224	0.6983889220258348
1108	225-229	0.49712521305703206
1108	230-234	0.5815074394222322
1108	235-239	0.5649364106336527
1108	240-244	0.5981141606015079
1108	245-249	0.8933746469514006
1108	250-251	0.4468841065677047
1109	1	-0.06390548032657506
1109	2	0.1651165785472557
1109	3	0.030248378563157985
1109	4	0.07362029793084446
1109	5	0.11522275292939099
1109	6	0.1625836119118702
1109	7	-0.06872779738741741
1109	8	0.2094339442215727
1109	9	0.18545166125510804
1109	10-14	0.3039302216978328
1109	15-19	0.059870498062764455
1109	20-24	0.2224185405400192
1109	25-29	0.18668497527266226
1109	30-34	0.33866104288865984
1109	35-39	0.26218980175647744
1109	40-44	0.23622676995432812
1109	45-49	0.25610419912855775
1109	50-54	0.29273533878068037
1109	55-59	0.3365895638837557
1109	60-64	0.3233840200709679
1109	65-69	0.2568367387929058
1109	70-74	0.227189682074048
1109	75-79	0.2268101774557607
1109	80-84	0.26840747891215244
1109	85-89	0.3607503380559791
1109	90-94	0.18074096392348338
1109	95-99	0.17937500960877628
1109	100-104	0.06933809425390791
1109	105-109	0.27985949064395754
1109	110-114	0.3721044991920266
1109	115-119	0.2560808725711752
1109	120-124	0.20510031176778654
1109	125-129	0.4269790344881059
1109	130-134	0.35059410339317054
1109	135-139	0.1774683299768398
1109	140-144	0.3715280020124254
1109	145-149	0.38190696423331616
1109	150-154	0.18478473764553627
1109	155-159	0.5182992455434245
1109	160-164	0.35993904758192485
1109	165-169	0.2060735473379225
1109	170-174	0.48291427857120084
1109	175-179	0.2975297054041661
1109	180-184	0.2890062945597833
1109	185-189	0.37563505746955883
1109	190-194	0.6152077188036387
1109	195-199	0.4570205127102014
1109	200-204	0.7853897219423871
1109	205-209	0.5635824907121787
1109	210-214	0.606715525635309
1109	215-219	0.4733061083229231
1109	220-224	0.5336798344196438
1109	225-229	0.48552119647433045
1109	230-234	0.4063746702594031
1109	235-239	0.6383806607700002
1109	240-244	0.4382388409689817
1109	245-249	0.490871195972705
1109	250-251	-0.007884099902330632
1110	1	0.01804662323329609
1110	2	-0.036192418216494104
1110	3	0.027508702187752476
1110	4	0.08615311346483168
1110	5	0.08308708949897436
1110	6	0.13071772194422948
1110	7	0.07253873982941172
1110	8	0.23722527108241565
1110	9	0.1884543797017102
1110	10-14	0.29297472655219536
1110	15-19	0.2634681679656765
1110	20-24	0.12715143374389726
1110	25-29	0.3323529105477405
1110	30-34	0.26907864806664605
1110	35-39	0.12531106124175295
1110	40-44	0.01595264367264093
1110	45-49	0.09760699513020654
1110	50-54	0.1334230297195873
1110	55-59	0.2277236698093148
1110	60-64	0.209170681619959
1110	65-69	0.15827296815227498
1110	70-74	0.24638948310832376
1110	75-79	0.01719937065551136
1110	80-84	0.14648400183678945
1110	85-89	0.2959029897622045
1110	90-94	0.07771203640415791
1110	95-99	0.10147845604168992
1110	100-104	0.02506920869640794
1110	105-109	0.17716080332946404
1110	110-114	0.20723712872229783
1110	115-119	0.03799522518445997
1110	120-124	0.04730013898522145
1110	125-129	0.21562311846179938
1110	130-134	0.23090617045294692
1110	135-139	0.051976067175161234
1110	140-144	0.17928444414459221
1110	145-149	0.22194126221144472
1110	150-154	0.13251837704940783
1110	155-159	0.1695846598348112
1110	160-164	0.12166503490001901
1110	165-169	-0.036574510276629724
1110	170-174	0.08735826194418195
1110	175-179	-0.05950213436594254
1110	180-184	0.04601617568136618
1110	185-189	0.1602575343579744
1110	190-194	0.27347050407369267
1110	195-199	0.1657381123171362
1110	200-204	0.20028502706554008
1110	205-209	0.4295432679365092
1110	210-214	0.34876095412524677
1110	215-219	0.07810315562790038
1110	220-224	0.22417870757767844
1110	225-229	0.06980145742770816
1110	230-234	0.03396960949805106
1110	235-239	0.17181283542933912
1110	240-244	-0.12648315974183788
1110	245-249	0.07367779195962143
1110	250-251	0.18440174267523446
1111	1	-0.1386496490519562
1111	2	-0.2121887877464772
1111	3	-0.27192520380900476
1111	4	-0.15060591408784774
1111	5	-0.20103453124657022
1111	6	-0.001131094911521302
1111	7	-0.0785660899923073
1111	8	0.09705386103379254
1111	9	0.15866844777302447
1111	10-14	0.24387168603356457
1111	15-19	0.1616791242055413
1111	20-24	0.20130762175038086
1111	25-29	0.3207987841295932
1111	30-34	0.19211994466307658
1111	35-39	-0.010554342987724397
1111	40-44	0.014545637475492867
1111	45-49	0.13938738057444056
1111	50-54	0.17970703556801482
1111	55-59	0.20036737122333648
1111	60-64	0.06721787911232013
1111	65-69	0.10805846226904237
1111	70-74	0.17561758623367751
1111	75-79	-0.019106419622126225
1111	80-84	0.14333825062190897
1111	85-89	0.30772448348708537
1111	90-94	0.2291231141312693
1111	95-99	0.16515947956425947
1111	100-104	-0.21508846360895006
1111	105-109	-0.0014938682288629934
1111	110-114	0.1355312002701723
1111	115-119	0.14565506772216708
1111	120-124	-0.011601764090848121
1111	125-129	0.13791346039041485
1111	130-134	0.4154143611163619
1111	135-139	0.08200014797015598
1111	140-144	0.14011150572311237
1111	145-149	0.05873610861920042
1111	150-154	-0.10924248208974063
1111	155-159	-0.001266014807299598
1111	160-164	0.12141858862585764
1111	165-169	-0.22330113644723326
1111	170-174	-0.13041144492517986
1111	175-179	-0.12245372458504988
1111	180-184	-0.011688042697095113
1111	185-189	-0.22947464455370437
1111	190-194	0.06926868457083657
1111	195-199	-0.07149934230670141
1111	200-204	0.02123848302372977
1111	205-209	0.189064776157835
1111	210-214	0.012670258197658768
1111	215-219	-0.19810671217194908
1111	220-224	-0.15637544456217967
1111	225-229	0.20439662563975247
1111	230-234	0.22983082299048618
1111	235-239	0.1843623568950754
1111	240-244	0.20417197286404942
1111	245-249	0.17551386006680048
1111	250-251	-0.13692164131319728
1112	1	-0.37413739738526175
1112	2	-0.2070600470824786
1112	3	-0.2782646998741072
1112	4	-0.3245543092155856
1112	5	-0.3014555909133989
1112	6	-0.09631856671556704
1112	7	-0.16473837357265353
1112	8	-0.06436142994851224
1112	9	-0.34098087803024413
1112	10-14	-0.03960533530347021
1112	15-19	-0.15422193512710436
1112	20-24	-0.03909044254476157
1112	25-29	0.10994686931063313
1112	30-34	-0.08570042409829881
1112	35-39	-0.03161594272858537
1112	40-44	-0.07465895062426853
1112	45-49	-0.07721152352172567
1112	50-54	0.028277589885178145
1112	55-59	-0.004627913555758312
1112	60-64	-0.0726385203188471
1112	65-69	-0.28414968676748487
1112	70-74	-0.09194885218271054
1112	75-79	-0.3088854016485385
1112	80-84	0.062229418537697256
1112	85-89	0.0013233462631347948
1112	90-94	-0.09260974713792791
1112	95-99	-0.15878818251539428
1112	100-104	-0.3000279328142952
1112	105-109	-0.08661400775434913
1112	110-114	-0.019900978993852902
1112	115-119	-0.14995227194305727
1112	120-124	-0.2306193411547781
1112	125-129	-0.010205471908030006
1112	130-134	0.002443153411768151
1112	135-139	-0.18487596176633048
1112	140-144	-0.15862980690949513
1112	145-149	-0.029623456026392603
1112	150-154	-0.1179652700104512
1112	155-159	-0.17063405052773106
1112	160-164	-0.1309157381323942
1112	165-169	-0.04956462079194068
1112	170-174	-0.02034599061467901
1112	175-179	-0.01604414164952317
1112	180-184	0.011570106785718792
1112	185-189	-0.3072786364089737
1112	190-194	-0.06855912763525396
1112	195-199	-0.5000317281308355
1112	200-204	-0.5612125126217933
1112	205-209	-0.2145650281392264
1112	210-214	-0.49100063134923744
1112	215-219	-0.7388586991193584
1112	220-224	-0.6029519502592464
1112	225-229	-0.38585281288099793
1112	230-234	-0.1407595174173224
1112	235-239	-0.3421063237296842
1112	240-244	-0.31250702101877437
1112	245-249	-0.5443001811034236
1112	250-251	-0.6199865967539395
1113	1	-0.38093589853387755
1113	2	-0.3037091160559058
1113	3	-0.403917341024119
1113	4	-0.3170203660579034
1113	5	-0.08740924071708633
1113	6	0.019704448806528774
1113	7	-0.031071398835536
1113	8	0.2859652646328783
1113	9	0.05135868153983125
1113	10-14	0.023871299270673774
1113	15-19	-0.16020533090565436
1113	20-24	-0.01880693323450089
1113	25-29	0.16052876091859503
1113	30-34	0.09584080221047486
1113	35-39	0.022555050988010805
1113	40-44	0.19439040789891493
1113	45-49	-0.10379017834411997
1113	50-54	0.012221664601923976
1113	55-59	0.03571846431734116
1113	60-64	-0.06765290142092084
1113	65-69	-0.20200572760880675
1113	70-74	-0.03731230359563398
1113	75-79	-0.19255333942182773
1113	80-84	-0.10396386906267452
1113	85-89	-0.035698694515545526
1113	90-94	-0.09577433880698294
1113	95-99	-0.40189251676611093
1113	100-104	-0.20112065417780656
1113	105-109	-0.04284534575401722
1113	110-114	0.1443865635499577
1113	115-119	-0.09263633674640204
1113	120-124	-0.0981299598493024
1113	125-129	-0.06258683734176174
1113	130-134	-0.02603000875943451
1113	135-139	-0.0921607944929761
1113	140-144	-0.12985449840896734
1113	145-149	-0.10068422671855615
1113	150-154	-0.11932148909325946
1113	155-159	-0.310561170463572
1113	160-164	-0.4069255254684876
1113	165-169	-0.2998490180656006
1113	170-174	-0.3300338660862465
1113	175-179	-0.1608852778087808
1113	180-184	-0.3857025129229257
1113	185-189	-0.4501886046186172
1113	190-194	-0.32284197177906293
1113	195-199	-0.5306400248401815
1113	200-204	-0.5847418742007733
1113	205-209	-0.30717905172871696
1113	210-214	-0.5726480110886598
1113	215-219	-0.599555621190774
1113	220-224	-0.42544726038880043
1113	225-229	-0.5810826216854004
1113	230-234	-0.22509534775707607
1113	235-239	-0.5817256573125782
1113	240-244	-0.5258313331367788
1113	245-249	-0.7405462333835295
1113	250-251	-0.7295781354833686
1114	1	-0.5607506849766644
1114	2	-0.2242826470186472
1114	3	-0.18591913092126333
1114	4	-0.36225237778685226
1114	5	-0.24447705585769341
1114	6	0.04656310552431364
1114	7	-0.31646895869010905
1114	8	-0.5189457114209546
1114	9	-0.4471791061663879
1114	10-14	-0.3252022640265366
1114	15-19	-0.25704779434926195
1114	20-24	-0.3753074195535504
1114	25-29	-0.2797585080256084
1114	30-34	-0.38300490509620033
1114	35-39	-0.5310542143405215
1114	40-44	-0.23674368073108099
1114	45-49	-0.6076457380394515
1114	50-54	-0.5516109058287739
1114	55-59	-0.7381079886288475
1114	60-64	-0.7643855112906621
1114	65-69	-0.7642071690203025
1114	70-74	-0.813728847437261
1114	75-79	-0.8748294507613465
1114	80-84	-0.9575954821372434
1114	85-89	-0.7690512180673252
1114	90-94	-0.996751020904469
1114	95-99	-0.9400417497560696
1114	100-104	-0.8165835638715748
1114	105-109	-0.9295981660068904
1114	110-114	-0.2732953508951752
1114	115-119	-0.8424271946037933
1114	120-124	-1.533763840819617
1114	125-129	-1.6075721573300754
1114	130-134	-1.3410210741773625
1114	135-139	-1.6051569444392868
1114	140-144	-1.9219795677210243
1114	145-149	-2.1480472426808888
1114	150-154	-2.075363267771287
1114	155-159	-2.2833425356143877
1114	160-164	-2.2984950393197536
1114	165-169	-2.1218681054689483
1114	170-174	-2.279578436302586
1114	175-179	-1.4758159427227397
1114	180-184	-1.6575142217499135
1114	185-189	-2.2237243693005766
1114	190-194	-2.5694570992448647
1114	195-199	-2.9958448376530704
1114	200-204	-2.942552837094855
1114	205-209	-2.5754359026761016
1114	210-214	-3.3798994720229842
1114	215-219	-3.9592700858041177
1114	220-224	-3.470719783690676
1114	225-229	-3.7527370546318934
1114	230-234	-3.67133805968151
1114	235-239	-4.258473485509313
1114	240-244	-3.9046879126570317
1114	245-249	-3.787181644517304
1114	250-251	-2.6182120751370874
2101	1	-0.05053137743537661
2101	2	0.10742895256250762
2101	3	0.134939474504705
2101	4	0.09347663068314915
2101	5	0.0644893228657395
2101	6	-0.10401131851046586
2101	7	-0.03293790343371228
2101	8	0.11852367295469435
2101	9	-0.09926884330062791
2101	10-14	-0.06204621895098228
2101	15-19	-0.12685758261940805
2101	20-24	0.013311802851220023
2101	25-29	-0.08493194669063087
2101	30-34	-0.09508349168594776
2101	35-39	-0.08457304018950396
2101	40-44	0.007693164095130101
2101	45-49	-0.013388768918261462
2101	50-54	0.050220894465930144
2101	55-59	0.036712664115718496
2101	60-64	0.010818619063009294
2101	65-69	0.04093682271617638
2101	70-74	0.07458687448504264
2101	75-79	0.12763621632016253
2101	80-84	0.11144976554842145
2101	85-89	0.05475687176485877
2101	90-94	0.2436239389239816
2101	95-99	0.06736965429837483
2101	100-104	0.06962072357178783
2101	105-109	0.027668102445382203
2101	110-114	0.15791149283865735
2101	115-119	0.11417660025530552
2101	120-124	0.17578029478826096
2101	125-129	0.23960994214321119
2101	130-134	0.15551314760340063
2101	135-139	-0.04427460725451482
2101	140-144	0.21943181536744305
2101	145-149	0.18458108013417274
2101	150-154	0.12140249194361985
2101	155-159	-0.05002145797288193
2101	160-164	0.13189076076832862
2101	165-169	0.1422443191835825
2101	170-174	0.2090269330221446
2101	175-179	0.038435381507007094
2101	180-184	0.12541284675471331
2101	185-189	0.175290419935493
2101	190-194	0.0695878344693952
2101	195-199	0.06303237045956678
2101	200-204	0.08241724198725109
2101	205-209	-0.13804946446998656
2101	210-214	-0.044585542026936764
2101	215-219	0.026609128350123967
2101	220-224	0.11781081509071356
2101	225-229	0.0024091518667077594
2101	230-234	-0.06438550484430294
2101	235-239	0.05282171930991453
2101	240-244	0.1457187902698891
2101	245-249	-0.040360843259598767
2101	250-251	-0.13269698242313765
2102	1	0.23145700574695383
2102	2	0.05105217194743972
2102	3	0.03398531420960893
2102	4	0.09346087302766648
2102	5	-0.16605476842452305
2102	6	-0.3102783436295411
2102	7	-0.1562881454164966
2102	8	-0.053557461158021624
2102	9	-0.21170999188298367
2102	10-14	-0.20793141552431393
2102	15-19	-0.2669261489742141
2102	20-24	-0.3367620525948922
2102	25-29	-0.4755514828948719
2102	30-34	-0.42337752679673457
2102	35-39	-0.22860181068946872
2102	40-44	-0.31277401942281813
2102	45-49	-0.29234618573811133
2102	50-54	-0.20761682881469312
2102	55-59	-0.3120389216709185
2102	60-64	-0.41268186470504986
2102	65-69	-0.16661048381227772
2102	70-74	-0.2889655193195111
2102	75-79	-0.15337548240620436
2102	80-84	-0.2515103841859343
2102	85-89	-0.33399791763122266
2102	90-94	-0.13127071554179537
2102	95-99	-0.21994962240583504
2102	100-104	-0.35409479790445175
2102	105-109	-0.36699957854291654
2102	110-114	-0.46224705530165977
2102	115-119	-0.3915163739035208
2102	120-124	-0.46859173817650657
2102	125-129	-0.24328505831058322
2102	130-134	-0.2691065336132752
2102	135-139	-0.38554702975942945
2102	140-144	-0.10881287595475442
2102	145-149	0.018054078545873153
2102	150-154	0.0306164840772567
2102	155-159	-0.11126558100079365
2102	160-164	0.15640545287708818
2102	165-169	-0.0021318904320395404
2102	170-174	0.08818824906654754
2102	175-179	-0.004827135194304333
2102	180-184	0.09308151579107005
2102	185-189	0.149839811474358
2102	190-194	-0.10998176753928135
2102	195-199	0.13865610750740132
2102	200-204	0.11554418403093791
2102	205-209	-0.11099487671114616
2102	210-214	0.08046436174717542
2102	215-219	0.14083639912725943
2102	220-224	0.20685329483101356
2102	225-229	0.05479348474460721
2102	230-234	-0.21155126603825636
2102	235-239	0.06887514243806692
2102	240-244	0.11222933021195658
2102	245-249	0.2028117602414916
2102	250-251	0.15546860229764903
2103	1	0.048925218776844304
2103	2	0.051926636476281374
2103	3	0.09038989057397373
2103	4	0.012550304551929514
2103	5	0.02496776471841855
2103	6	0.023848741525590356
2103	7	0.1284399957375797
2103	8	0.16651380585621212
2103	9	-0.33933938127060514
2103	10-14	-0.008879674528159853
2103	15-19	0.08670306330666477
2103	20-24	0.0739729219275631
2103	25-29	-0.022899032733818103
2103	30-34	0.09296564334011492
2103	35-39	0.12126158402659115
2103	40-44	3.1814646091987697E-4
2103	45-49	0.11105710138907199
2103	50-54	0.21265133803974834
2103	55-59	0.1943815975630372
2103	60-64	0.21922002452652833
2103	65-69	0.21559528662213978
2103	70-74	0.17478856399186782
2103	75-79	0.27189311733935995
2103	80-84	0.1321275492942604
2103	85-89	0.28261710613694646
2103	90-94	0.364893226332363
2103	95-99	0.2851086949457198
2103	100-104	0.3017700309512463
2103	105-109	0.3643433047471447
2103	110-114	-0.03413459728403012
2103	115-119	0.20811152831382884
2103	120-124	0.31290786797495684
2103	125-129	0.3755202796274375
2103	130-134	0.35128245720245843
2103	135-139	0.17897457517625526
2103	140-144	0.443692197313986
2103	145-149	0.20086123918584775
2103	150-154	0.24958614183196204
2103	155-159	0.23128938138859922
2103	160-164	0.22863082262370682
2103	165-169	0.3090414002882511
2103	170-174	0.307151747532167
2103	175-179	0.08656863252940639
2103	180-184	0.2885601239239932
2103	185-189	0.4598413054420334
2103	190-194	0.25952826439073107
2103	195-199	0.3700685393712888
2103	200-204	0.5370118766712011
2103	205-209	0.39875873779394055
2103	210-214	0.17355963708036626
2103	215-219	0.30680380232607973
2103	220-224	0.19014662977281205
2103	225-229	0.3997554733454578
2103	230-234	0.1194378410619592
2103	235-239	0.46970739160648023
2103	240-244	0.5733785479548636
2103	245-249	0.29831044315324107
2103	250-251	0.34179119968451843
2104	1	0.19476046117927837
2104	2	0.1481227801829732
2104	3	0.1786511363324692
2104	4	0.16384066264789254
2104	5	0.05383637926222917
2104	6	-0.09679939709545238
2104	7	0.18022498191010072
2104	8	0.25264683827147394
2104	9	0.15270838436993728
2104	10-14	0.01929314202401855
2104	15-19	-0.048656033434788526
2104	20-24	0.087908784860943
2104	25-29	-0.059274335867733896
2104	30-34	0.18998380311833785
2104	35-39	0.05686148839624394
2104	40-44	-0.029093026051391746
2104	45-49	0.1417578039669536
2104	50-54	0.008201813414473236
2104	55-59	0.22364901566874096
2104	60-64	0.17038046918575844
2104	65-69	0.1093608317649668
2104	70-74	0.1025886397209419
2104	75-79	0.25243010210326844
2104	80-84	0.11974967793480573
2104	85-89	-0.050829512815674605
2104	90-94	0.11859940987077522
2104	95-99	0.13196530124850625
2104	100-104	0.16432694662555036
2104	105-109	0.2574831580236676
2104	110-114	-0.4400970696844695
2104	115-119	0.012984966716864221
2104	120-124	0.10109190777413346
2104	125-129	0.2201143524539262
2104	130-134	0.12511694393710115
2104	135-139	0.013175330862601697
2104	140-144	0.3770150181807921
2104	145-149	0.17050349747578508
2104	150-154	0.10818616288042193
2104	155-159	0.2800019397168043
2104	160-164	0.34220487087313245
2104	165-169	0.28119309274867277
2104	170-174	0.24232104185617942
2104	175-179	0.19025393393447843
2104	180-184	0.30613424301806447
2104	185-189	0.43069943780371744
2104	190-194	0.36186895399893615
2104	195-199	0.5234785139499891
2104	200-204	0.5209151739154336
2104	205-209	0.38116638768151745
2104	210-214	0.4252805555482908
2104	215-219	0.6014174428484864
2104	220-224	0.5296659618139472
2104	225-229	0.3845223253963752
2104	230-234	0.4153483397250497
2104	235-239	0.5876382613063704
2104	240-244	0.4700421634319092
2104	245-249	0.205132502265446
2104	250-251	0.3151815476581703
2105	1	0.15341732995914015
2105	2	0.07198473439531483
2105	3	0.03304211290813441
2105	4	0.06653281984925741
2105	5	0.04651335102167309
2105	6	-0.32110632721930443
2105	7	-0.11526466064857033
2105	8	0.003185967565855208
2105	9	0.118888302542274
2105	10-14	-0.17580851414428622
2105	15-19	-0.04021707614494119
2105	20-24	0.07104423538267923
2105	25-29	-0.06884816558745399
2105	30-34	0.09605500859925797
2105	35-39	0.06685867558870484
2105	40-44	0.025909521325914397
2105	45-49	0.041048415058980936
2105	50-54	0.018192292264224363
2105	55-59	0.16083507289555854
2105	60-64	0.026412696218848453
2105	65-69	0.12723430752816256
2105	70-74	0.10265435637183629
2105	75-79	0.22076737274497304
2105	80-84	0.13601824226352477
2105	85-89	0.05950993179675379
2105	90-94	0.12534665888458107
2105	95-99	0.11944147063392307
2105	100-104	0.10242339876259621
2105	105-109	0.3075240742023837
2105	110-114	-0.1251404107394407
2105	115-119	0.002770901455662056
2105	120-124	0.05109661058946813
2105	125-129	0.07881775050474715
2105	130-134	-0.05725653996242386
2105	135-139	-0.006791510791437361
2105	140-144	0.1237417089092574
2105	145-149	0.10560740056043016
2105	150-154	-0.12279342553085115
2105	155-159	0.09615594854781051
2105	160-164	0.00974459512926984
2105	165-169	-0.0066783670122916305
2105	170-174	0.15353107639101893
2105	175-179	0.024778594635243678
2105	180-184	-0.001754978390316353
2105	185-189	0.18838371237617935
2105	190-194	0.045131227448507616
2105	195-199	0.09300654876384584
2105	200-204	0.31675541403566854
2105	205-209	-0.09022635798229572
2105	210-214	-0.12039421653918936
2105	215-219	0.2963959362527433
2105	220-224	0.25204401944720445
2105	225-229	0.1842194245578952
2105	230-234	0.02425718393111964
2105	235-239	0.23954633190284014
2105	240-244	0.22567587237134745
2105	245-249	0.08620079483855037
2105	250-251	0.26125156172660624
2106	1	0.25618289283622886
2106	2	0.10560399152657851
2106	3	0.1312085620476111
2106	4	0.16246772140610233
2106	5	0.12998444018298727
2106	6	-0.30572255833605055
2106	7	-0.13330272830539514
2106	8	-0.03223490909776672
2106	9	-0.04045677144944193
2106	10-14	-0.17213879229999662
2106	15-19	0.04736491804909093
2106	20-24	0.04951042206555201
2106	25-29	-0.04707396165778732
2106	30-34	0.05564644252778095
2106	35-39	-0.06400951273096922
2106	40-44	0.02418672695911539
2106	45-49	-0.06790027859709369
2106	50-54	-0.13925038371894516
2106	55-59	-0.020186889230593863
2106	60-64	-0.20552037309786897
2106	65-69	-0.015167302634274904
2106	70-74	-0.1809350755339949
2106	75-79	-0.06609522710185445
2106	80-84	-0.016936144479224424
2106	85-89	-0.053882024737980316
2106	90-94	-0.09337331889657463
2106	95-99	-0.07394058141817084
2106	100-104	-0.08613548611848643
2106	105-109	0.050305473609718376
2106	110-114	-0.32615464905609315
2106	115-119	-0.211180276996366
2106	120-124	-0.25258864084442934
2106	125-129	-0.11383237355625653
2106	130-134	-0.22836706284440567
2106	135-139	-0.28440705210605444
2106	140-144	-0.19400783053068693
2106	145-149	-0.22796706746202489
2106	150-154	-0.2703608167320013
2106	155-159	-0.1806107579146854
2106	160-164	-0.3393213647723101
2106	165-169	-0.19321147984322096
2106	170-174	-0.20239944140237043
2106	175-179	-0.010208177799029272
2106	180-184	-0.2628211269514722
2106	185-189	-0.1378232430666273
2106	190-194	-0.15052068910085836
2106	195-199	0.08725100745355263
2106	200-204	0.13823313505307766
2106	205-209	-0.11138482618905243
2106	210-214	0.10062497348596366
2106	215-219	0.1041705440932219
2106	220-224	0.39257161425226883
2106	225-229	0.23617893035178383
2106	230-234	7.613957217742495E-4
2106	235-239	0.21996197993866318
2106	240-244	0.16705442251271307
2106	245-249	0.2144052360469466
2106	250-251	0.16161508484509213
2107	1	0.1683679259916886
2107	2	0.081371051374731
2107	3	0.04436299264969534
2107	4	0.014812256037110672
2107	5	0.021905939615287195
2107	6	0.09220478076775862
2107	7	-0.027082184065577053
2107	8	0.15824769713758258
2107	9	0.07712841094132727
2107	10-14	0.03418431379047604
2107	15-19	0.05520772263500362
2107	20-24	0.15909504823375897
2107	25-29	0.21396507671590825
2107	30-34	0.20116537455385242
2107	35-39	0.183141557951771
2107	40-44	0.21933667202505802
2107	45-49	0.055737655294620936
2107	50-54	0.1617384671784876
2107	55-59	0.0694005994967597
2107	60-64	0.13680967432732416
2107	65-69	0.11126598992833436
2107	70-74	0.07053359919687097
2107	75-79	0.17237102857484388
2107	80-84	0.091133596550236
2107	85-89	0.2537331272141685
2107	90-94	0.2656589970290426
2107	95-99	0.2808960630052795
2107	100-104	0.4022243277747961
2107	105-109	0.4212026436957217
2107	110-114	0.2271442263328396
2107	115-119	0.19092453179646895
2107	120-124	0.3514564994241738
2107	125-129	0.2976046235163139
2107	130-134	0.23731156066420311
2107	135-139	0.23023815805334635
2107	140-144	0.2943685399193612
2107	145-149	0.3600932368007932
2107	150-154	0.34180175930446666
2107	155-159	0.3318019279653157
2107	160-164	0.35888848867893586
2107	165-169	0.315934748170811
2107	170-174	0.41919150211030143
2107	175-179	0.5347337784524342
2107	180-184	0.23659331539141704
2107	185-189	0.34503548074320634
2107	190-194	0.25534651430724153
2107	195-199	0.5211052476362994
2107	200-204	0.39775061448813176
2107	205-209	0.20289754020603112
2107	210-214	0.2722555347373543
2107	215-219	0.17285786316847407
2107	220-224	0.45826800495952824
2107	225-229	0.5547342191326905
2107	230-234	0.4747251091542495
2107	235-239	0.6513774357070012
2107	240-244	0.3689529996678438
2107	245-249	0.5356617596683364
2107	250-251	0.29821042368596196
2108	1	0.023100756134425637
2108	2	0.06463455098933935
2108	3	0.10765340234982546
2108	4	0.05555291897536563
2108	5	0.04142900197871313
2108	6	-1.586475857564551E-4
2108	7	-0.22086754866329983
2108	8	0.02476860981823137
2108	9	0.0750379777568142
2108	10-14	0.05515207501249364
2108	15-19	0.031306352730673837
2108	20-24	0.1211779621069482
2108	25-29	0.05525583437270143
2108	30-34	0.013319296364869615
2108	35-39	0.1149406310403549
2108	40-44	0.183779155458069
2108	45-49	0.13382809061771894
2108	50-54	0.21533130011124513
2108	55-59	0.12973899688614665
2108	60-64	0.23426758437912554
2108	65-69	0.1781711822673273
2108	70-74	0.1451354485937557
2108	75-79	0.1381197860936112
2108	80-84	0.07922367040237788
2108	85-89	0.12729386109459284
2108	90-94	0.14762218730971455
2108	95-99	0.20014814611418785
2108	100-104	0.29675140887689366
2108	105-109	0.3259830745726191
2108	110-114	0.23199881291280633
2108	115-119	0.35815577946901556
2108	120-124	0.39631162248153373
2108	125-129	0.3856154175776467
2108	130-134	0.335964695349638
2108	135-139	0.28831069390398056
2108	140-144	0.3204468756057892
2108	145-149	0.36146859842038026
2108	150-154	0.42694914663612593
2108	155-159	0.3863910834336579
2108	160-164	0.366204603627466
2108	165-169	0.20601695225295202
2108	170-174	0.2956081710563154
2108	175-179	0.3305346901575774
2108	180-184	0.2842387376018749
2108	185-189	0.1783609164349116
2108	190-194	0.2500040769588523
2108	195-199	0.4810438505415391
2108	200-204	0.4306706131655531
2108	205-209	0.4210333273260005
2108	210-214	0.5185496354556989
2108	215-219	0.34052829887589553
2108	220-224	0.25304225666784674
2108	225-229	0.33846535272517997
2108	230-234	0.15537424899881813
2108	235-239	0.631108267598318
2108	240-244	0.39882468625604517
2108	245-249	0.4182949577894135
2108	250-251	0.3157538554301986
2109	1	-0.007642847008696663
2109	2	0.02047395196009205
2109	3	0.03590069695557219
2109	4	0.009943930992626804
2109	5	-0.07103748865668535
2109	6	0.010201933847433509
2109	7	0.03452686278559014
2109	8	0.06684651372466277
2109	9	0.09957600167685854
2109	10-14	-0.020149480118831775
2109	15-19	-0.06044686146531575
2109	20-24	0.0368155383874651
2109	25-29	0.10686255606768924
2109	30-34	0.020679537536892667
2109	35-39	0.1422958542530992
2109	40-44	0.10816183007047186
2109	45-49	0.0990880351412784
2109	50-54	0.0338196340953445
2109	55-59	-0.058910958817058656
2109	60-64	0.2328673905330092
2109	65-69	0.18256046748088295
2109	70-74	0.12124847701366548
2109	75-79	0.15936239804035068
2109	80-84	0.1521129271639623
2109	85-89	0.14355904990079438
2109	90-94	0.1219001422474264
2109	95-99	0.21788472548173843
2109	100-104	0.2688728734446997
2109	105-109	0.26766555932501745
2109	110-114	0.08415233221049334
2109	115-119	0.2164801989155265
2109	120-124	0.25219946557713513
2109	125-129	0.2561590339909259
2109	130-134	0.19234613644390208
2109	135-139	0.3092066838573757
2109	140-144	0.037911624154624235
2109	145-149	0.2314301336768878
2109	150-154	0.35754352504289244
2109	155-159	0.35694536265607013
2109	160-164	0.23562126329024125
2109	165-169	0.29271018753499334
2109	170-174	0.1712776606961839
2109	175-179	0.23610624916904044
2109	180-184	0.19184455464441186
2109	185-189	0.13623205407761674
2109	190-194	0.29585496027805647
2109	195-199	0.4048814247381074
2109	200-204	0.33044837656360215
2109	205-209	0.4051620632131474
2109	210-214	0.4446742664250394
2109	215-219	0.3400084282557003
2109	220-224	0.19327557608736612
2109	225-229	0.361820990461581
2109	230-234	0.22932190414854148
2109	235-239	0.17248455588235245
2109	240-244	0.1049817870981542
2109	245-249	0.07186767914339143
2109	250-251	0.09707530999319047
2110	1	-0.0375472393417553
2110	2	0.02630343235054511
2110	3	-0.15526904297568933
2110	4	-0.07967413136505996
2110	5	-0.04369268368314749
2110	6	-0.01676982975690322
2110	7	-0.05687350833603233
2110	8	-0.03684458882418795
2110	9	0.03197523360431376
2110	10-14	-0.04063372708355928
2110	15-19	-0.0928897239622728
2110	20-24	-0.09982968967170791
2110	25-29	0.03798459033427548
2110	30-34	-0.0050810850887828
2110	35-39	-0.11211219147890006
2110	40-44	-0.10370321263977189
2110	45-49	-0.13897983323035845
2110	50-54	-0.12496461245782342
2110	55-59	-0.17667465226275425
2110	60-64	0.08691319753919657
2110	65-69	-0.03252048960408871
2110	70-74	-0.06486815400359802
2110	75-79	-0.15615216777957386
2110	80-84	-0.13158720305796834
2110	85-89	-0.08847235728645586
2110	90-94	0.04773914432590942
2110	95-99	-0.018230386902885698
2110	100-104	-0.09481084288882613
2110	105-109	-0.01793486784526266
2110	110-114	-0.018718123237270845
2110	115-119	-0.036936887893489256
2110	120-124	0.001447512397980688
2110	125-129	0.028791027001368263
2110	130-134	-0.13193961775407814
2110	135-139	0.0775884646964684
2110	140-144	-0.22143439871170045
2110	145-149	-0.07451128738454571
2110	150-154	0.07096414447558175
2110	155-159	-0.005462568607399021
2110	160-164	-0.15840441978894404
2110	165-169	-0.10888857365416982
2110	170-174	-0.2584564259538027
2110	175-179	-0.1605682759206104
2110	180-184	-0.1691695550052401
2110	185-189	-0.1544648123360659
2110	190-194	-0.045071827221981664
2110	195-199	-0.011384555109344774
2110	200-204	-0.19031802852859414
2110	205-209	0.013646283511718593
2110	210-214	0.23728099628002042
2110	215-219	0.030171198492908502
2110	220-224	0.001155147431965986
2110	225-229	-0.042141445788800524
2110	230-234	-0.026308963451839418
2110	235-239	-0.2299449388614967
2110	240-244	-0.6267767861921811
2110	245-249	-0.25156829078466103
2110	250-251	0.05925862085934952
2111	1	0.19117765771605377
2111	2	-0.08640509473538316
2111	3	-0.042608604873002776
2111	4	-0.03430770755323209
2111	5	-0.089665094409078
2111	6	-0.2323388297799056
2111	7	-0.06221226181262551
2111	8	-0.08456704418852468
2111	9	-0.05055356775313413
2111	10-14	-0.09065934898146821
2111	15-19	-0.016610124316756014
2111	20-24	-0.1052480145319663
2111	25-29	0.015607767690596575
2111	30-34	-0.03352732894484234
2111	35-39	-0.0015652415663822694
2111	40-44	0.07944905001996005
2111	45-49	-0.1254366644805529
2111	50-54	-0.016227913584160092
2111	55-59	-0.15810794139401452
2111	60-64	0.07634219950083576
2111	65-69	-0.05075630367772277
2111	70-74	-0.19534331197026233
2111	75-79	-0.09749545848581676
2111	80-84	-0.026494794444793968
2111	85-89	-0.002756051727047293
2111	90-94	-0.013324641862134001
2111	95-99	-0.047950691446217775
2111	100-104	-0.1078639803764645
2111	105-109	-0.0995587025666893
2111	110-114	0.051958385480133984
2111	115-119	0.08443697981117992
2111	120-124	0.04281243009054947
2111	125-129	0.08908647627752231
2111	130-134	0.06506500282397099
2111	135-139	0.16610214800844858
2111	140-144	-0.3829390033375688
2111	145-149	-0.4524982715044956
2111	150-154	-0.15921763797976496
2111	155-159	-0.08116149504571268
2111	160-164	-0.3416606180159363
2111	165-169	-0.29777090999167655
2111	170-174	-0.36561422107218533
2111	175-179	-0.45069902509246873
2111	180-184	-0.3304209668399878
2111	185-189	-0.7033990898145035
2111	190-194	-0.2104478486631578
2111	195-199	-0.4245439078250399
2111	200-204	-0.2791020818461476
2111	205-209	-0.3528987272877231
2111	210-214	-0.3419782123565014
2111	215-219	-0.4208407588848715
2111	220-224	-0.4443415831946993
2111	225-229	-0.24059298474887925
2111	230-234	0.019633103119147677
2111	235-239	-0.4577419495050776
2111	240-244	-0.29900978159886193
2111	245-249	-0.014073420519224555
2111	250-251	0.09420399075640162
2112	1	-0.06430813322306506
2112	2	-0.3834678415574544
2112	3	-0.09380330827318062
2112	4	-0.11780655963095654
2112	5	-0.1414797885657535
2112	6	-0.1875867697197151
2112	7	-0.1511655295396679
2112	8	-0.11521262365442908
2112	9	-0.08217910836628306
2112	10-14	-0.04018864448409687
2112	15-19	-0.09613682713075633
2112	20-24	-0.06070291865884769
2112	25-29	0.04646752578148039
2112	30-34	-0.19730874650673513
2112	35-39	-0.01418315778213497
2112	40-44	0.06466332687875109
2112	45-49	-0.21543886781526567
2112	50-54	-0.07735810030109036
2112	55-59	-0.30315133047764675
2112	60-64	-0.10975000643593802
2112	65-69	-0.15832013158745184
2112	70-74	-0.35636214203199046
2112	75-79	-0.16925442750282116
2112	80-84	-0.019702919356227255
2112	85-89	-0.058126840232489485
2112	90-94	-0.08671159041222865
2112	95-99	-0.14327609484112003
2112	100-104	-0.2705473020010416
2112	105-109	-0.21742682670882374
2112	110-114	0.040818722417903075
2112	115-119	-0.12784920450351223
2112	120-124	-0.03496609662047234
2112	125-129	0.044520292977949794
2112	130-134	-0.006017008294001869
2112	135-139	-0.05413690592178
2112	140-144	-0.4337051513764436
2112	145-149	-0.13107645159279713
2112	150-154	-0.13827123259363816
2112	155-159	-0.20518042695933758
2112	160-164	-0.38745479879083433
2112	165-169	-0.1393142011588111
2112	170-174	-0.49760470254789624
2112	175-179	-0.47472394310027255
2112	180-184	-0.26155114770399024
2112	185-189	-0.37389389313353405
2112	190-194	-0.2495375269932154
2112	195-199	-0.36551098386954095
2112	200-204	-0.4618587715261171
2112	205-209	-0.3910209760918377
2112	210-214	-0.4491106600096515
2112	215-219	-0.5088718031873398
2112	220-224	-0.6403504193948564
2112	225-229	-0.2744535735681666
2112	230-234	-0.15041027477982283
2112	235-239	-0.635036371125743
2112	240-244	-0.706581648643219
2112	245-249	-0.2919128565947844
2112	250-251	-0.2298434239811904
2113	1	-0.011086710100038033
2113	2	-0.05947241821649385
2113	3	-0.2876512978122463
2113	4	-0.2831402198685069
2113	5	-0.31036624383435907
2113	6	-0.20744227805577253
2113	7	-0.17783459350392405
2113	8	-0.16172139558425158
2113	9	-0.2683056202982854
2113	10-14	-0.16595327344780486
2113	15-19	-0.1829184987009853
2113	20-24	-0.21381123292276527
2113	25-29	-0.12460175611892055
2113	30-34	-0.26248135193335287
2113	35-39	-0.10298575187209735
2113	40-44	0.009682217217175548
2113	45-49	-0.34921774430915775
2113	50-54	-0.20086056152646137
2113	55-59	-0.36843111794664907
2113	60-64	-0.25831304827459434
2113	65-69	-0.36502438787502456
2113	70-74	-0.32207991941970704
2113	75-79	-0.47774451856773936
2113	80-84	-0.21599210560885496
2113	85-89	-0.2875113722637721
2113	90-94	-0.5162619309737053
2113	95-99	-0.5308391187788999
2113	100-104	-0.3466153374157557
2113	105-109	-0.2882819227239253
2113	110-114	-0.16269551731824095
2113	115-119	-0.30879296014848734
2113	120-124	-0.39031841034792336
2113	125-129	-0.30146397353910004
2113	130-134	-0.3616957156449061
2113	135-139	-0.49795710696115947
2113	140-144	-0.35564685856503786
2113	145-149	-0.28269828545700193
2113	150-154	-0.41446856821691824
2113	155-159	-0.5606265768722452
2113	160-164	-0.3358392942677355
2113	165-169	-0.47446951829611095
2113	170-174	-0.6015984048465626
2113	175-179	-0.9188112666522628
2113	180-184	-0.4155176458669487
2113	185-189	-0.5950063044306333
2113	190-194	-0.41660762696153597
2113	195-199	-0.7036858405481325
2113	200-204	-0.641584101193196
2113	205-209	-0.659050356282421
2113	210-214	-0.7393676969197145
2113	215-219	-0.6419402091202571
2113	220-224	-0.47663751129170606
2113	225-229	-0.448851033843237
2113	230-234	-0.5413572565484621
2113	235-239	-0.5386204287775804
2113	240-244	-0.6243564512735702
2113	245-249	-0.634169376000834
2113	250-251	-0.7863717812428455
2114	1	-0.3271786214511465
2114	2	-0.3047015778520006
2114	3	-0.19203300554089964
2114	4	-0.21653891488481491
2114	5	-0.3309481990599181
2114	6	-0.11791612213271918
2114	7	-0.3245221849090356
2114	8	-0.3761856772807306
2114	9	-0.4286238788200549
2114	10-14	-0.32994314857436535
2114	15-19	-0.14216050567589633
2114	20-24	-0.5185839857633567
2114	25-29	-0.5042418056183067
2114	30-34	-0.6635306263174172
2114	35-39	-0.2328118029417965
2114	40-44	-0.19418110413445788
2114	45-49	-0.41799228656461906
2114	50-54	-0.46511631477861215
2114	55-59	-0.3863621721476207
2114	60-64	-0.5637110271697736
2114	65-69	-0.5038073338489539
2114	70-74	-0.5597914113158424
2114	75-79	-0.7735449166641857
2114	80-84	-0.3978608045393628
2114	85-89	-0.39692957533786455
2114	90-94	-0.7220059375489214
2114	95-99	-0.5729696586772306
2114	100-104	-0.758878595733627
2114	105-109	-0.7336489251811997
2114	110-114	-0.49356754039778394
2114	115-119	-0.8433046244082263
2114	120-124	-0.8324815693701737
2114	125-129	-1.3004624965638527
2114	130-134	-1.0063511679430235
2114	135-139	-0.9823784872704806
2114	140-144	-1.3075224037548736
2114	145-149	-1.2091516107133984
2114	150-154	-1.2872621158063993
2114	155-159	-1.3573658076967448
2114	160-164	-1.4090879971736214
2114	165-169	-1.2653122263122398
2114	170-174	-1.6720868943284088
2114	175-179	-1.2579979137688824
2114	180-184	-1.4759184200163205
2114	185-189	-1.4432401657069605
2114	190-194	-1.7952934977335104
2114	195-199	-1.805937331486838
2114	200-204	-2.0744248316286082
2114	205-209	-1.981455570137772
2114	210-214	-1.9930487168451023
2114	215-219	-1.8920901892853657
2114	220-224	-1.4872474572279657
2114	225-229	-1.9021277404686003
2114	230-234	-2.063910231581886
2114	235-239	-1.610992961143836
2114	240-244	-2.451178262605282
2114	245-249	-2.3326026515111806
2114	250-251	-1.9588191791119307
>>END_MODULE
>>Per sequence quality scores	pass
#Quality	Count
2	828.0
3	0.0
4	0.0
5	0.0
6	0.0
7	0.0
8	0.0
9	0.0
10	0.0
11	0.0
12	0.0
13	0.0
14	1.0
15	2.0
16	15.0
17	104.0
18	348.0
19	823.0
20	1464.0
21	2344.0
22	3361.0
23	4519.0
24	6111.0
25	7818.0
26	9812.0
27	12049.0
28	14652.0
29	17560.0
30	21149.0
31	25637.0
32	31232.0
33	38817.0
34	50770.0
35	72343.0
36	132191.0
37	331032.0
38	63632.0
>>END_MODULE
>>Per base sequence content	fail
#Base	G	A	T	C
1	44.88738903449691	18.526373400834643	12.265713281417716	24.320524283250727
2	19.037941178552135	16.841868112943597	35.324598424602435	28.795592283901833
3	22.711037927024037	21.298181380678617	26.297202360029537	29.693578332267812
4	15.94258456733185	15.344202428443026	32.460432231718855	36.25278077250627
5	18.266991905976273	32.765462038769215	31.326891456098593	17.64065459915592
6	35.83581233943471	31.636403526361605	16.30092971575374	16.22685441844994
7	30.003916082596316	26.462574281717323	19.50999426742126	24.023515368265105
8	28.911895218840606	30.90897938866648	16.968668980143576	23.21045641234934
9	25.408770609564208	14.193086462857371	18.341067203280073	42.05707572429835
10-14	28.967923508998734	19.05539841422246	22.515823568683608	29.460854508095203
15-19	28.49301592618892	22.919321621258195	20.95283479557341	27.63482765697947
20-24	28.174114694038355	21.964269284937473	21.879578101077392	27.982037919946777
25-29	28.32868200229775	21.93612539013383	21.678348073688408	28.05684453388001
30-34	28.34727159920074	21.735815406246388	21.731899323650072	28.185013670902798
35-39	28.27577659399924	21.917650405515626	21.725273934038643	28.08129906644649
40-44	28.343271720302727	21.809820370842257	21.652741568104982	28.194166340750037
45-49	28.342661662039664	21.73874575647227	21.676741388176758	28.241851193311305
50-54	28.291508668145905	21.81179935291861	21.719729513033556	28.176962465901934
55-59	28.387153094139343	21.772913269837876	21.644259124808354	28.195674511214424
60-64	28.35434249563919	21.764094967203313	21.628539636536587	28.253022900620913
65-69	28.460121282873846	21.76448196525682	21.526822063248925	28.248574688620405
70-74	28.409272601182796	21.72901697135482	21.621669780971278	28.24004064649111
75-79	28.47852198146244	21.64381198834252	21.503166575189976	28.374499455005065
80-84	28.38302842629284	21.755866084410926	21.659545207430426	28.201560281865813
85-89	28.5170711491232	21.615502590915526	21.509584660651598	28.357841599309673
90-94	28.46072920150068	21.61276700652459	21.556039943272935	28.370463848701792
95-99	28.453102966410214	21.69915694800085	21.50591057553513	28.341829510053806
100-104	28.499142067604776	21.69105876578716	21.454235982801027	28.355563183807035
105-109	28.51020035440864	21.652837490312997	21.439081696620285	28.397880458658086
110-114	28.49002164398676	21.699576905516828	21.47379769598188	28.336603754514535
115-119	28.53558749212402	21.622205612421745	21.47070334548236	28.371503549971877
120-124	28.57420634762154	21.55708725882912	21.473144217290418	28.39556217625892
125-129	28.52474954770747	21.61269225564927	21.458286350036833	28.404271846606427
130-134	28.591615661947706	21.528523942007954	21.44791933702964	28.431941059014697
135-139	28.58524772510752	21.507622039002776	21.402426888739143	28.50470334715056
140-144	28.509355763433238	21.60213043352588	21.403777802456702	28.48473600058418
145-149	28.602042535774412	21.55554356386399	21.390855780846632	28.45155811951497
150-154	28.58372213052343	21.47151858305781	21.372969354434844	28.571789931983915
155-159	28.59777234580976	21.55895258794965	21.379317952791137	28.463957113449457
160-164	28.58593037024406	21.52074671642441	21.387113799453257	28.506209113878274
165-169	28.61875946867327	21.513058428664458	21.348551141051097	28.519630961611174
170-174	28.62313873101339	21.498825281683118	21.359100275866652	28.518935711436832
175-179	28.69275327929659	21.43742772249087	21.303635289807552	28.566183708404985
180-184	28.6473753655054	21.41961813833733	21.368165242089148	28.564841254068117
185-189	28.66343606288766	21.50516233166124	21.315832578967807	28.51556902648329
190-194	28.73127580479818	21.46378398300022	21.272776665585127	28.53216354661648
195-199	28.70968443083996	21.46207985342781	21.28469612035375	28.54353959537848
200-204	28.640227262321666	21.519114034704778	21.263997597901998	28.576661105071555
205-209	28.733058287831053	21.46239832833931	21.19408994372903	28.61045344010061
210-214	28.70414596289551	21.396362472590745	21.248506200593198	28.650985363920544
215-219	28.6939842805565	21.43142017273752	21.235567566722153	28.639027979983826
220-224	28.715006409013142	21.415503419043276	21.17609996110168	28.69339021084191
225-229	28.769694525668804	21.339584207481565	21.13041448095595	28.760306785893686
230-234	28.735947968631812	21.38697099943386	21.179267603600884	28.697813428333447
235-239	28.76132452644387	21.38371014704481	21.150292609479003	28.704672717032313
240-244	28.8542630449667	21.27914245312739	21.108606309782132	28.75798819212378
245-249	28.994042885642934	21.502755339778737	21.155484870045623	28.34771690453271
250-251	36.19481200345926	27.11138195717147	21.38379434419655	15.310011695172717
>>END_MODULE
>>Per sequence GC content	warn
#GC Content	Count
0	828.0
1	414.0
2	0.0
3	0.0
4	0.0
5	0.0
6	0.0
7	0.0
8	0.0
9	0.0
10	0.3333333333333333
11	0.3333333333333333
12	0.0
13	0.3333333333333333
14	0.3333333333333333
15	0.5
16	1.0
17	1.5
18	3.833333333333333
19	6.333333333333334
20	6.833333333333333
21	14.666666666666668
22	24.5
23	35.16666666666667
24	54.66666666666668
25	80.33333333333331
26	109.99999999999996
27	151.49999999999994
28	209.66666666666686
29	292.3333333333332
30	386.66666666666555
31	525.9999999999973
32	705.0000000000031
33	903.3333333333468
34	1077.5000000000136
35	1279.3333333333287
36	1557.9999999999602
37	1884.6666666665817
38	2327.833333333299
39	2770.1666666667575
40	3101.3333333335218
41	3697.3333333337014
42	4409.833333333617
43	5128.833333333184
44	5762.499999999465
45	6532.999999998951
46	7653.666666664858
47	8837.166666665398
48	10425.166666667534
49	12062.000000003121
50	13821.000000005557
51	15883.500000008486
52	18244.166666670437
53	20455.499999997457
54	22466.999999991276
55	24550.33333331863
56	26624.66666664586
57	27962.499999975047
58	28514.33333330653
59	28728.333333305774
60	28164.999999973857
61	26710.333333311653
62	24503.66666665175
63	22025.999999992586
64	19187.500000001142
65	15880.66666667571
66	12630.16666667086
67	9592.666666666444
68	7100.999999998445
69	5058.499999999856
70	3497.1666666670217
71	2303.3333333332953
72	1416.999999999968
73	895.1666666666845
74	550.8333333333301
75	319.99999999999983
76	191.0000000000004
77	126.66666666666637
78	83.49999999999997
79	51.83333333333337
80	26.499999999999993
81	13.16666666666667
82	8.5
83	5.5
84	5.333333333333333
85	4.999999999999999
86	2.1666666666666665
87	0.6666666666666666
88	0.0
89	0.0
90	0.0
91	0.3333333333333333
92	0.3333333333333333
93	0.0
94	0.0
95	0.0
96	0.0
97	0.0
98	0.3333333333333333
99	0.3333333333333333
100	0.0
>>END_MODULE
>>Per base N content	pass
#Base	N-Count
1	0.09757086260655609
2	0.09757086260655609
3	0.09757086260655609
4	0.09757086260655609
5	0.09757086260655609
6	0.09757086260655609
7	0.09757086260655609
8	0.09757086260655609
9	0.09757086260655609
10-14	0.09757086260655609
15-19	0.09757086260655609
20-24	0.09757086260655609
25-29	0.09757086260655609
30-34	0.09757086260655609
35-39	0.019543083648410484
40-44	0.0
45-49	0.0
50-54	0.0
55-59	0.0
60-64	0.0
65-69	0.0
70-74	0.0
75-79	0.0
80-84	0.0
85-89	0.0
90-94	0.0
95-99	0.0
100-104	0.0
105-109	0.0
110-114	0.0
115-119	0.0
120-124	0.0
125-129	0.0
130-134	0.0
135-139	0.0
140-144	0.0
145-149	0.0
150-154	0.0
155-159	0.0
160-164	0.0
165-169	0.0
170-174	0.0
175-179	0.0
180-184	0.0
185-189	0.0
190-194	0.0
195-199	0.0
200-204	0.0
205-209	0.0
210-214	0.0
215-219	0.0
220-224	0.0
225-229	0.0
230-234	0.0
235-239	0.0
240-244	0.0
245-249	0.0
250-251	0.0
>>END_MODULE
>>Sequence Length Distribution	warn
#Length	Count
35-39	2512.0
40-44	2038.0
45-49	2249.0
50-54	2299.0
55-59	2517.0
60-64	2587.0
65-69	2753.0
70-74	2671.0
75-79	2718.0
80-84	2771.0
85-89	2927.0
90-94	3026.0
95-99	2996.0
100-104	2996.0
105-109	2990.0
110-114	3016.0
115-119	3072.0
120-124	3041.0
125-129	3211.0
130-134	3116.0
135-139	3072.0
140-144	3110.0
145-149	2946.0
150-154	3153.0
155-159	3128.0
160-164	3113.0
165-169	3098.0
170-174	3185.0
175-179	3222.0
180-184	3160.0
185-189	3139.0
190-194	2980.0
195-199	3200.0
200-204	3228.0
205-209	3173.0
210-214	3231.0
215-219	3311.0
220-224	3321.0
225-229	3319.0
230-234	3416.0
235-239	3270.0
240-244	3324.0
245-249	60869.0
250-252	662140.0
>>END_MODULE
>>Sequence Duplication Levels	pass
#Total Deduplicated Percentage	82.34362187069338
#Duplication Level	Percentage of deduplicated	Percentage of total
1	85.22875527226915	70.18044396649597
2	10.976988340126592	18.077699543167885
3	2.468131425575569	6.097046425043102
4	0.7437451450642449	2.4497067597333677
5	0.2918042563063985	1.2014109670776487
6	0.12108651366252847	0.5982421256800676
7	0.0675801121933318	0.3895353843098725
8	0.03498927749581522	0.2304915068515336
9	0.019722861061218806	0.14616466320899013
>10	0.046910549984179074	0.5251946630609523
>50	1.431231305008738E-4	0.0064819023164026214
>100	0.0	0.0
>500	1.431231305008738E-4	0.09758209305420673
>1k	0.0	0.0
>5k	0.0	0.0
>10k+	0.0	0.0
>>END_MODULE
>>Overrepresented sequences	pass
>>END_MODULE
>>Adapter Content	pass
#Position	Illumina Universal Adapter	Illumina Small RNA 3' Adapter	Illumina Small RNA 5' Adapter	Nextera Transposase Sequence	SOLID Small RNA Adapter
1	0.0	0.0	0.0	0.0	0.0
2	0.0	0.0	0.0	0.0	0.0
3	0.0	0.0	0.0	0.0	0.0
4	0.0	0.0	0.0	0.0	0.0
5	0.0	0.0	0.0	0.0	0.0
6	1.1783920604656534E-4	0.0	0.0	0.0	0.0
7	1.1783920604656534E-4	0.0	0.0	0.0	0.0
8	1.1783920604656534E-4	0.0	0.0	0.0	0.0
9	1.1783920604656534E-4	0.0	0.0	0.0	0.0
10-14	1.1783920604656534E-4	0.0	0.0	0.0	0.0
15-19	1.6497488846519147E-4	0.0	0.0	0.0	0.0
20-24	2.3567841209313069E-4	0.0	0.0	0.0	0.0
25-29	2.3567841209313069E-4	9.427136483725228E-5	0.0	0.0	0.0
30-34	3.2994977693038294E-4	2.3567841209313069E-4	0.0	2.356784120931307E-5	0.0
35-39	4.7135682418626137E-4	2.3567841209313069E-4	0.0	1.414070472558784E-4	0.0
40-44	4.7135682418626137E-4	2.3567841209313069E-4	0.0	6.363317126514528E-4	0.0
45-49	4.7135682418626137E-4	3.2994977693038294E-4	0.0	9.898493307911487E-4	0.0
50-54	4.7135682418626137E-4	3.5351761813969603E-4	0.0	0.001366934790140158	0.0
55-59	4.7135682418626137E-4	3.5351761813969603E-4	0.0	0.001720452408279854	0.0
60-64	4.7135682418626137E-4	3.5351761813969603E-4	0.0	0.0020739700264195498	0.0
65-69	5.656281890235136E-4	3.5351761813969603E-4	0.0	0.002804573103908255	0.0
70-74	7.070352362793921E-4	3.5351761813969603E-4	0.0	0.003417336975350395	0.0
75-79	7.541709186980182E-4	3.5351761813969603E-4	0.0	0.0037944224346994045	0.0
80-84	8.248744423259574E-4	3.5351761813969603E-4	0.0	0.004407186306141543	0.0
85-89	8.248744423259574E-4	3.5351761813969603E-4	0.0	0.004525025512188109	0.0
90-94	8.248744423259574E-4	3.5351761813969603E-4	0.0	0.004737136083071927	0.0
95-99	8.248744423259574E-4	4.7135682418626137E-4	0.0	0.0054206034781420056	0.0
100-104	8.248744423259574E-4	4.7135682418626137E-4	0.0	0.0060097995083748315	0.0
105-109	8.720101247445836E-4	4.7135682418626137E-4	0.0	0.006669699062235598	0.0
110-114	9.427136483725227E-4	5.420603478142006E-4	2.356784120931307E-5	0.0070467845215846075	0.0
115-119	0.0010369850132097747	5.891960302328267E-4	1.1783920604656534E-4	0.007376734298514991	0.0
120-124	0.0012019599016749665	5.891960302328267E-4	1.1783920604656534E-4	0.007871658963910564	0.0
125-129	0.0014140704725587841	5.891960302328267E-4	1.1783920604656534E-4	0.008602262041399269	0.0
130-134	0.0014140704725587841	5.891960302328267E-4	1.1783920604656534E-4	0.009191458071632097	0.0
135-139	0.0014140704725587841	5.891960302328267E-4	1.1783920604656534E-4	0.009874925466702175	0.0
140-144	0.0014140704725587841	6.598995538607659E-4	1.1783920604656534E-4	0.010676232067818823	0.0
145-149	0.0014140704725587841	8.248744423259574E-4	1.1783920604656534E-4	0.011336131621679587	0.0
150-154	0.0014140704725587841	8.955779659538966E-4	1.1783920604656534E-4	0.012208141746424168	0.0
155-159	0.0014140704725587841	0.0011076885368377144	1.1783920604656534E-4	0.0129858805063315	0.0
160-164	0.0014140704725587841	0.0011783920604656534	1.1783920604656534E-4	0.013881458472285396	0.0
165-169	0.0014140704725587841	0.0011783920604656534	1.1783920604656534E-4	0.014423518820099599	0.0
170-174	0.0014140704725587841	0.0011783920604656534	1.1783920604656534E-4	0.015106986215169677	0.0
175-179	0.0014140704725587841	0.0012962312665122187	1.1783920604656534E-4	0.015719750086611816	0.0
180-184	0.0014140704725587841	0.0012962312665122187	1.1783920604656534E-4	0.01607326770475151	0.0
185-189	0.0014140704725587841	0.0012962312665122187	1.1783920604656534E-4	0.016473921005309835	0.0
190-194	0.0014140704725587841	0.0012962312665122187	1.1783920604656534E-4	0.017110252717961287	0.0
195-199	0.0014847739961867234	0.001390502631349471	1.1783920604656534E-4	0.017699448748194114	0.0
200-204	0.0015790453610239753	0.0015319096786053493	1.1783920604656534E-4	0.019019247855915643	0.0
205-209	0.0016968845670705412	0.0015790453610239753	1.1783920604656534E-4	0.02071613242298619	0.0
210-214	0.00176758809069848	0.0016733167258612277	1.1783920604656534E-4	0.02205949937191703	0.0
215-219	0.0018147237731171062	0.00176758809069848	1.1783920604656534E-4	0.022837238131824363	0.0
220-224	0.0018854272967450455	0.00176758809069848	1.1783920604656534E-4	0.02352070552689444	0.0
225-229	0.0018854272967450455	0.001838291614326419	1.1783920604656534E-4	0.02491120815824391	0.0
230-234	0.0018854272967450455	0.0018854272967450455	1.1783920604656534E-4	0.026513821360477204	0.0
235-239	0.0018854272967450455	0.0018854272967450455	1.1783920604656534E-4	0.027715781262152166	0.0
240	0.0018854272967450455	0.0018854272967450455	1.1783920604656534E-4	0.02781005262698942	0.0
>>END_MODULE
