Klebsiella_variicola_NZ_CP047360.1
1 37323
81268 81986
113662 119921
124480 129839
156254 156450
190943 195725
206206 207138
212195 214803
215308 222109
279066 279811
298705 299487
314218 314468
328502 328640
328833 332199
346714 346784
359060 359133
366422 366622
373842 378097
378962 387967
391676 393234
408182 413690
420542 485135
485491 486186
488014 492597
495949 499427
500764 501161
503697 504560
510767 511046
511456 527677
542979 545241
546443 548168
561560 581493
581665 581764
581949 583878
585288 591488
601120 605375
629583 639347
686005 686236
687303 689427
692832 692977
705235 705651
710450 711704
719481 726546
731676 734212
740436 746993
747208 752215
757055 764384
765205 776241
779807 784927
786656 786941
789228 789428
790993 791315
794317 798212
800217 805519
805592 822383
919783 920003
922194 922359
970129 970513
1003229 1013593
1062376 1066934
1070859 1076346
1077556 1086296
1087890 1088368
1091094 1102044
1102581 1109891
1110283 1127028
1137628 1160244
1168859 1199564
1209061 1209282
1226798 1320396
1321640 1335242
1340353 1346693
1349952 1358276
1389290 1389548
1393764 1397842
1401955 1438811
1440552 1441206
1450637 1460287
1465667 1486828
1499332 1514966
1519289 1526159
1536007 1540474
1541443 1549445
1551403 1559191
1563342 1578572
1579546 1584911
1585770 1594835
1609269 1610955
1621575 1623815
1624442 1625428
1626321 1626439
1648036 1653237
1656102 1656214
1670219 1674451
1698939 1702526
1703117 1725762
1726954 1785024
1787213 1787298
1790564 1801345
1802393 1804659
1806612 1861847
1862113 1862906
1863039 1878218
1890861 1901228
1905500 1909984
1910051 1915921
1916008 1932481
1932582 1947034
1956310 1961848
1963632 1963703
1969813 1971736
1973972 1974162
1975976 1976908
1981077 1987559
1989482 1994365
2017145 2023160
2023588 2025858
2027099 2029915
2032791 2032935
2070446 2075532
2076119 2081642
2081722 2100384
2102680 2103164
2108267 2112180
2123237 2131793
2142774 2144370
2144649 2144860
2181742 2181802
2191634 2217262
2239139 2242310
2244183 2246061
2258619 2263985
2264409 2266359
2278870 2284890
2287516 2288510
2288598 2290101
2296057 2311406
2311697 2312217
2313572 2313685
2314062 2322866
2323599 2324381
2329981 2360916
2363376 2395153
2395503 2412620
2420794 2424893
2436756 2454294
2462807 2464874
2468717 2484387
2485523 2495280
2495720 2508981
2509703 2510772
2513881 2537359
2543136 2552397
2556263 2563501
2571052 2577360
2579157 2579996
2580238 2580890
2582955 2603919
2618526 2640221
2642484 2672261
2672695 2672917
2673912 2676548
2703301 2707912
2708383 2723031
2728060 2731408
2732086 2733786
2744214 2745885
2750152 2752777
2758812 2783269
2783461 2792477
2795230 2795491
2795699 2797127
2797498 2797973
2798894 2803570
2803675 2807870
2808273 2808534
2808831 2889969
2890721 2890776
2897787 2900320
2901368 2924480
2924576 2925760
2927400 2930927
2932573 2936531
2939169 2939396
2948693 2963895
2968571 2969475
2983133 2996793
2999437 3016110
3018681 3025234
3053416 3053591
3068965 3080300
3082573 3089080
3101280 3119451
3120380 3124947
3125140 3134773
3139232 3140744
3141753 3143912
3158062 3159087
3212329 3213620
3214102 3215150
3224415 3292705
3297644 3366092
3366912 3402165
3413044 3413530
3422337 3432248
3441385 3446980
3448329 3452560
3469485 3480324
3480699 3480818
3481213 3486210
3491825 3493848
3497145 3500121
3503030 3537153
3549832 3549996
3556949 3557357
3573617 3574078
3579684 3599221
3599489 3601158
3606458 3613873
3613989 3633239
3683535 3740203
3742201 3747093
3749367 3754377
3755863 3755959
3756286 3756478
3758338 3769120
3769541 3776303
3778213 3778951
3780025 3787008
3787619 3790064
3792656 3794947
3813973 3862326
3865524 3868018
3875090 3878528
3885891 3886057
3889375 3889700
3891809 3896244
3901540 3904814
3923426 3927891
3947417 3949107
3952929 3956502
3956584 3971532
3972781 3972977
3973295 3979500
3981172 3987369
3991052 3991178
4011454 4011633
4028491 4028819
4041394 4041740
4062469 4065454
4071446 4073215
4082574 4089936
4091861 4092205
4103329 4104849
4105924 4105998
4129905 4131752
4131982 4133186
4135330 4135892
4160705 4161291
4178245 4242895
4247672 4263529
4287082 4295548
4298963 4301128
4311069 4311687
4312873 4314056
4328100 4328262
4329056 4332057
4335182 4341982
4360541 4361347
4378668 4378777
4393666 4393780
4400340 4576412
4578286 4578370
4581553 4588142
4589657 4591108
4592276 4605593
4605827 4609334
4627909 4654766
4658447 4661667
4665262 4678031
4678785 4686884
4687223 4692041
4693094 4696171
4697645 4705026
4708375 4709622
4710466 4716558
4744396 4752196
4752621 4862815
4864232 4890780
4890991 4891215
4908969 4909069
4925286 4931078
4935455 4935544
4938036 4941908
4950267 4950396
4961577 4962177
4968909 4974710
4976141 4980328
4984505 4985094
5040952 5068658
5076152 5078586
5107750 5108886
5114747 5132597
5134829 5140460
5143087 5143148
5148330 5150558
5151145 5155883
5158402 5169494
5173500 5178006
5179248 5179955
5185536 5186384
5207758 5253071
5256581 5453222
5455127 5505304
