Klebsiella_pneumoniae_CP049891.1
1 316
599 1140
1282 17526
18177 19203
20505 21170
21312 21854
24706 27610
27749 28290
29280 36785
36924 37465
37608 41131
41270 41811
41954 54396
54537 55078
55218 82255
82398 82939
83223 84142
84345 84825
84964 90030
90260 91804
92664 94285
96014 105366
105508 106333
110781 113485
114543 116678
116810 120175
120944 148663
148806 167533
169923 170019
170163 180179
181241 184658
184801 185575
185718 186072
186317 189187
189330 189717
189859 190854
190998 191504
191914 192669
192810 193584
193726 202767
203827 243199
243333 246741
246882 247423
247563 251502
251642 252183
252325 252601
252746 259406
259545 260086
260228 260504
260645 268717
269776 286096
286506 287012
289714 294121
294260 294801
294950 300543
301887 310028
310679 311704
313009 313674
313816 314359
317208 320112
320251 320792
321779 324283
Klebsiella_pneumoniae_MGH_43_NZ_KK036953.1
1 1596
305930 306052
315949 323800
323921 324553
358480 372113
383053 384534
384709 404592
406038 406731
407528 413218
414106 469689
543158 547345
608905 613810
633985 634085
645597 645698
740007 740548
750720 751260
755881 756420
763428 763967
767528 767586
770535 776005
784080 784620
790496 792162
794303 798930
799516 801981
802047 802199
802300 802559
819327 821405
852596 853137
883692 883808
1028928 1029760
1033359 1033471
1132909 1133228
1134913 1137221
1137729 1137875
1154305 1155327
1226714 1229022
1229530 1229664
1269812 1271293
1310269 1310810
1315102 1318171
1318314 1330542
1339804 1341779
1349674 1350215
1444612 1444673
1444779 1444840
1444946 1445007
1676370 1680481
1680989 1681124
1681563 1681911
2036392 2036812
2167740 2190134
2273056 2286297
2418652 2424904
2425032 2428591
2433826 2435977
2442167 2456245
2457634 2458552
2485756 2487237
2577522 2584381
2693595 2745231
2745467 2770960
3027402 3046190
3094820 3094879
3096621 3111269
3113955 3114067
3248504 3249615
3281166 3288425
3486328 3486634
3486925 3487000
3526458 3529753
3659776 3661241
3672283 3672365
3717764 3724563
3733623 3741838
3786539 3787629
3793026 3793095
3855074 3863462
3945210 3947711
4000747 4000921
4179661 4179837
4180450 4180726
4184144 4184665
4185167 4185368
4185462 4185557
4192799 4193041
4193743 4194011
4407500 4417308
4482491 4484468
4487597 4493671
4530193 4530442
4537915 4552149
4552503 4555265
4555857 4556497
4557904 4559480
4637176 4637350
4710753 4710803
4710882 4710959
4800643 4808113
4827668 4836818
4902118 4902191
5030803 5031007
5068164 5068222
5083312 5084095
5090863 5144528
5352387 5352439
5359769 5420373
5444076 5444210
5444718 5447116
Klebsiella_pneumoniae_subsp._pneumoniae_NZ_CP047675.1
1 15736
16693 17525
120516 120835
122520 124828
125336 125470
141909 142931
212923 216685
217193 217437
257575 259056
259595 261831
262339 262580
276071 277019
384201 384495
384574 384818
396182 396301
396515 396881
397094 419951
489685 489788
513749 533183
547218 547301
547982 565757
565968 652999
659490 660003
680789 682270
682809 685046
685554 685702
741939 742057
765450 917769
938675 938837
1036034 1036383
1038061 1040369
1040877 1041011
1096647 1108690
1293762 1293916
1311376 1333118
1338007 1340025
1391821 1391898
1392416 1392533
1415984 1416042
1443653 1451013
1460450 1460521
1489009 1489629
1588826 1588899
1673660 1681130
1750010 1750089
1769644 1769721
1769800 1769850
1843204 1843378
1927824 1936472
1936680 1947389
1989908 1990023
2058548 2068356
2077404 2078087
2088973 2101817
2103735 2110245
2110486 2145363
2318689 2324691
2329278 2345286
2349804 2371521
2374821 2377828
2549034 2570132
2602193 2604694
2686286 2686897
2749008 2750098
2772006 2772269
2795107 2801020
2810077 2816876
2862301 2862452
2942031 2942325
2979093 2981166
3026195 3031668
3031833 3031908
3032159 3032561
3044077 3056589
3246663 3248079
3249742 3249844
3250797 3251285
3252127 3253230
3285480 3286600
3420990 3421095
3438719 3460983
3462897 3497096
3505059 3505180
3540896 3543364
3543869 3600588
3621282 3624287
3653274 3656445
3657950 3790778
4129952 4130195
4130703 4134967
4170803 4193409
4523501 4523691
4529514 4608915
4742054 4742154
4840780 4849394
4884016 4884364
4884795 4884942
4885450 4889561
4989798 4989873
5007220 5007578
5055575 5056058
5166979 5167268
5206711 5207944
5246338 5246454
5251474 5254559
5292396 5377974
Klebsiella_pneumoniae_subsp._pneumoniae_NZ_CP047676.1
1 31778
32365 74191
74778 148367
149426 200041
200152 229024
Klebsiella_variicola_NZ_CP047360.1
1 61404
81273 81962
113662 119921
124480 129839
156254 156450
190943 195725
206206 207138
212195 214803
215308 222109
279066 279811
298879 299055
299140 299403
314218 314313
328502 328637
328833 329220
329838 332197
339786 340016
346714 346784
354147 354348
359060 359133
366422 366622
373842 378097
378962 387967
391676 393234
408182 413690
420542 447540
447699 451836
452344 452482
452906 485135
485491 486186
488014 499427
500764 501161
503697 504560
510749 511046
511456 527677
542979 545241
546443 548168
561560 573890
575717 705490
705703 784927
786656 786941
789228 789417
790974 791316
794317 798225
800217 805519
805592 822383
970400 970513
1003229 1013579
1062376 1066934
1070859 1076346
1077556 1077883
1077974 1086296
1087890 1088458
1091831 1102044
1102575 1109891
1110283 1127028
1137628 1160244
1168866 1199564
1209061 1209282
1226798 1228295
1231953 1251038
1263980 1264181
1268461 1271976
1274489 1278911
1284692 1289116
1293371 1300658
1312010 1408403
1408988 1584502
1584819 1753577
1754000 1754158
1754390 1754605
1754837 1754915
1755282 1804659
1806612 1857021
1857098 2025858
2027099 2028188
2029333 2029437
2029862 2029915
2032791 2032935
2070446 2070612
2070700 2075532
2076119 2081642
2081722 2100408
2102680 2103164
2108267 2112180
2123237 2129043
2129144 2131793
2142788 2144370
2144649 2144860
2181742 2181802
2191634 2217262
2239139 2242310
2244183 2246061
2258619 2263985
2264409 2266359
2278870 2285337
2287516 2288510
2288598 2290101
2296057 2311406
2311697 2312217
2313573 2313687
2314062 2322866
2323599 2324381
2329981 2331951
2333388 2360916
2363357 2367990
2372437 2395153
2395503 2412620
2420794 2424893
2436756 2456169
2462807 2464874
2468717 2484387
2485523 2495280
2495719 2500224
2504275 2508981
2509703 2510772
2513881 2537359
2543136 2552397
2556253 2563501
2571052 2577360
2579157 2579996
2580238 2580890
2582955 2603919
2618526 2640221
2642484 2672261
2672697 2672917
2673912 2676548
2703301 2707912
2708383 2720691
2720774 2723031
2728060 2731408
2732086 2732857
2733011 2733786
2744214 2745885
2750152 2782682
2782851 2783269
2783461 2788574
2789261 2792477
2795230 2797127
2797498 2797973
2798894 2803570
2803675 2807870
2808273 2808534
2808831 2889977
2890683 2963895
2968571 2969475
2983306 2996793
2999437 3016110
3053416 3053591
3056312 3056422
3056579 3080300
3082573 3089080
3101280 3119451
3120380 3121208
3124101 3124947
3125140 3134773
3139232 3140744
3141753 3143912
3158062 3159087
3212329 3213628
3214102 3215150
3224415 3266878
3277973 3288405
3288641 3292705
3297644 3304789
3305006 3339949
3340190 3358858
3359025 3366092
3366912 3367395
3367584 3402165
3413044 3413173
3413399 3413530
3422337 3432248
3441385 3446980
3448329 3448530
3450793 3452560
3469280 3480324
3480699 3480818
3481214 3486210
3491825 3493848
3498084 3500121
3503061 3557055
3557425 3573738
3573966 3744935
3746260 3747093
3749367 3754377
3755863 3755928
3756287 3756478
3758338 3769120
3769541 3776303
3778213 3778951
3780025 3787008
3787619 3790064
3792656 3794947
3806877 3806958
3807138 3808477
3813973 3817595
3818411 3836027
3836308 3862326
3865524 3868018
3875090 3878528
3885898 3886051
3888967 3889048
3889158 3889700
3891809 3896244
3901540 3904814
3923426 3927889
3941657 3945295
3947417 3949107
3952929 3956502
3961808 3971532
3972781 3972977
3973295 3979500
3982619 3987369
3991052 3991178
4011454 4011879
4019808 4019922
4022163 4023373
4028411 4028788
4041394 4041740
4062469 4065454
4071446 4071673
4072075 4072269
4082574 4089936
4091861 4092205
4103329 4104849
4130203 4131733
4132004 4185367
4209396 4209554
4231884 4242895
4247672 4263529
4287075 4290849
4293002 4295548
4298963 4301133
4311069 4311687
4312873 4314056
4328100 4328262
4329056 4332057
4335182 4341982
4360541 4361347
4378668 4378766
4393666 4473955
4474090 4474334
4474842 4479280
4479439 4752306
4752628 4777190
4778292 4786143
4786264 4787095
4813952 4817755
4830512 4838501
4838769 4838909
4839417 4843687
4843846 4862815
4864297 4864743
4865540 4890780
4890991 4891282
4908983 4909069
4925286 4980328
4984515 4985094
5040952 5078586
5107750 5108886
5114747 5116167
5116415 5132597
5134829 5140460
5143087 5143148
5148330 5150558
5151145 5155883
5158402 5160988
5162631 5169507
5173500 5178006
5179248 5179955
5185536 5186384
5207758 5207846
5211547 5213044
5213203 5248408
5248678 5248790
5248873 5249064
5249150 5252769
5253039 5253177
5253685 5258051
5258146 5306171
5306260 5344771
5344914 5345049
5345557 5347867
5349546 5349911
5350014 5449612
5449918 5450056
5450564 5454834
5454929 5505304
