Klebsiella_pneumoniae_CP049891.1
1282 14089
15405 16263
16370 17526
20957 21170
21994 22925
23066 27610
28432 29137
29280 36606
37608 41130
41954 54395
55218 68309
69444 82255
84973 89449
89565 90030
90260 91804
92664 94285
96014 105366
105508 106333
110781 113485
114543 115187
115402 116678
116810 120175
120944 144631
144862 144944
145372 148663
148806 167533
169923 170019
170163 180179
181240 184658
185718 186072
186308 189187
189330 189717
189859 190854
190998 191772
191914 192669
192810 193584
193726 202767
203825 235804
236089 243199
243333 246739
247563 251502
252746 259405
260645 268717
269776 286096
286238 287012
287151 290124
290206 294120
294943 295621
295852 298743
299899 300543
301887 306589
307907 308765
308872 310028
313461 313674
314496 315428
315569 320112
320933 321636
321779 324283
Klebsiella_pneumoniae_MGH_43_NZ_KK036953.1
1 1569
305930 306052
315949 379487
379629 384534
384709 404592
406038 406571
407732 413218
414106 469689
543158 547345
608905 613810
634024 634085
740688 742995
744075 750578
751404 752937
756671 759562
760721 761652
763009 763286
764111 766707
767528 767586
768236 769712
770535 777234
780175 783939
790496 792162
794303 798747
799516 801981
802047 802199
802300 802559
883692 883808
1030299 1033177
1033319 1033471
1132909 1134333
1154305 1155327
1269812 1271266
1271832 1274710
1315102 1318171
1318314 1330542
1339804 1341779
1444612 1444673
1444779 1444840
1444946 1445007
1676370 1681124
1681563 1681911
1815185 1944947
2036392 2036812
2167740 2190134
2273056 2286297
2418652 2424904
2425032 2428591
2433826 2435977
2442167 2448682
2448847 2456245
2457634 2458552
2485756 2490662
2490905 2584381
2693595 2694130
2696193 2731374
2731453 2745231
2745467 2770960
3027402 3042555
3109231 3109294
3248504 3249615
3281166 3288425
3486328 3486634
3486925 3487000
3526458 3529753
3659776 3661241
3672283 3672365
3717764 3724563
3733623 3741838
3786539 3787629
3793026 3793095
3855074 3863462
3945210 3947711
4000747 4000921
4179661 4179837
4180450 4180726
4184144 4184355
4184970 4185263
4192804 4192878
4407500 4417308
4482491 4484468
4487458 4487862
4530193 4530442
4537915 4552149
4552503 4555265
4555857 4556497
4557904 4559480
4637176 4637350
4710753 4710803
4710882 4710959
4800643 4808113
4827587 4828386
4831723 4836818
5030954 5031007
5068164 5068222
5083312 5084095
5092459 5092560
5138780 5144528
5359769 5374835
5399768 5413769
5444076 5447116
Klebsiella_pneumoniae_subsp._pneumoniae_NZ_CP047675.1
1 15736
17640 20939
120516 121940
141909 142931
213870 217437
257575 259029
259595 262580
276071 277019
384282 384445
384574 384694
396182 396881
397094 419951
489685 489788
513749 513947
530686 530761
547982 565757
565968 652999
680789 682243
682809 685702
741939 742057
826065 826219
835807 835872
939011 961978
962119 962196
962638 975001
976486 1035859
1036034 1037488
1096647 1102071
1264097 1341425
1415984 1416042
1443653 1451013
1460450 1460519
1489009 1489629
1673660 1681130
1750010 1750089
1769644 1769721
1769800 1769850
1843204 1843378
1927824 1936472
1936680 1947389
1989891 1990203
1993401 1993508
2058548 2068356
2077404 2078087
2088973 2101817
2101958 2103591
2103735 2110245
2110486 2145363
2160955 2176214
2176356 2177989
2318689 2324691
2329278 2345286
2361439 2371521
2374821 2377828
2549034 2570132
2602193 2604694
2686286 2686897
2749008 2750098
2772006 2772269
2795107 2801020
2810077 2816876
2862301 2862452
2979093 2981166
3026195 3031668
3031833 3031908
3032159 3032561
3044077 3056589
3246663 3248079
3249742 3249844
3250797 3251285
3252127 3253230
3285480 3286600
3438719 3445077
3445163 3460981
3464257 3497096
3505059 3505180
3540896 3543364
3543869 3600588
3619508 3621141
3621282 3624287
3653274 3656445
3657950 3679869
3726389 3733231
3754832 3790778
4129952 4134967
4170803 4193409
4523501 4523691
4529514 4608915
4840780 4841502
4844859 4849394
4884016 4884364
4884795 4889561
4989798 4989873
5007220 5007578
5055575 5056058
5166979 5167268
5206711 5207944
5246338 5246454
5251474 5254559
5293217 5377974
Klebsiella_pneumoniae_subsp._pneumoniae_NZ_CP047676.1
1 31595
32365 74191
74961 148367
149426 200041
200152 229024
Klebsiella_variicola_NZ_CP047360.1
1 37323
81273 81962
113662 119921
124480 129839
156254 156450
190943 195725
206206 207138
212195 214803
215308 222109
279066 279811
298879 299055
299140 299403
314218 314313
328502 328637
328833 329220
329838 332197
339786 340016
346714 346784
354147 354348
359060 359133
366422 366622
373842 378097
378962 387967
391676 393234
408182 413690
420542 447540
447699 452482
452906 485135
485491 486186
488014 492597
495949 549834
549912 705490
705703 784927
786656 786941
789228 789417
790974 791316
794317 798225
800217 805519
805592 822383
922194 922359
970400 970513
1003229 1013579
1062376 1066934
1070859 1076346
1077556 1077883
1077974 1086296
1087890 1088458
1091831 1102044
1102575 1109891
1110283 1127028
1137628 1160244
1168866 1199564
1209061 1209282
1226798 1231716
1231953 1320396
1321640 1335242
1340353 1346693
1349952 1350059
1352367 1358276
1389290 1389548
1393764 1397842
1401955 1408403
1408839 1584502
1584819 1626439
1648036 1653237
1656102 1656214
1670243 1674451
1698939 1725762
1726954 1728367
1728591 1753577
1754000 1754130
1754390 1754579
1754837 1754915
1755282 1785024
1787213 1787298
1790564 1801345
1802393 1804620
1806612 1822080
1822289 1834713
1834851 1857021
1857098 1861847
1862113 1876743
1890861 1901228
1905500 1909984
1910051 1915921
1916183 1932481
1932582 1947034
1956310 1961848
1963632 1963703
1969813 1971736
1973972 1974162
1975976 1976908
1981077 1987559
1989482 1994365
2017145 2023160
2023595 2025858
2027099 2028188
2029333 2029437
2029862 2029915
2032791 2032935
2070446 2070612
2070700 2075532
2076119 2081642
2081722 2100408
2102680 2103164
2108267 2112180
2123237 2129043
2129144 2131793
2142788 2144370
2144649 2144860
2181742 2181802
2191634 2217262
2239139 2242310
2244183 2246061
2258619 2263985
2264409 2266359
2278870 2285337
2287516 2288510
2288598 2290101
2296057 2311406
2311697 2312217
2313573 2313687
2314062 2322866
2323599 2324381
2329981 2331951
2333388 2360916
2363357 2367990
2372437 2395153
2395503 2412620
2420794 2424893
2436756 2456169
2462807 2464874
2468717 2484387
2485523 2495280
2495719 2500224
2504275 2508981
2509703 2510772
2513881 2537359
2543136 2552397
2556253 2563501
2571052 2577360
2579157 2579996
2580238 2580890
2582955 2603919
2618526 2640221
2642484 2672261
2672697 2672917
2673912 2676548
2703301 2707912
2708383 2720691
2720774 2723031
2728060 2731408
2732086 2732857
2733011 2733786
2744214 2745885
2750152 2752777
2758812 2782682
2782851 2783269
2783461 2788574
2789261 2792477
2795230 2797127
2797498 2797973
2798894 2803570
2803675 2807870
2808273 2808534
2808831 2889962
2890721 2890776
2897785 2900320
2901368 2924480
2924576 2925760
2927400 2930927
2932573 2936531
2939169 2939396
2948693 2963895
2968571 2969475
2983306 2996793
2999437 3016110
3053416 3053591
3068965 3080300
3082573 3089080
3101280 3119451
3120380 3121208
3124101 3124947
3125140 3134773
3139232 3140744
3141753 3143912
3158062 3159087
3212329 3213628
3214102 3215150
3224415 3288405
3288641 3292705
3297644 3304789
3305006 3339949
3340190 3358858
3359025 3366092
3366912 3367395
3367584 3402165
3413044 3413173
3413414 3413530
3422337 3432248
3441385 3446980
3448329 3448530
3450793 3452560
3469280 3480324
3480699 3480818
3481214 3486210
3491825 3493848
3497248 3497305
3497430 3497813
3497987 3500121
3503030 3537153
3549832 3549959
3556949 3557055
3573617 3573738
3573966 3574078
3579684 3599221
3599489 3601158
3606458 3613873
3613989 3614133
3614681 3633239
3683535 3740203
3742201 3744935
3746260 3747093
3749367 3754377
3755863 3755928
3756287 3756478
3758338 3769120
3769541 3776303
3778213 3778951
3780025 3787008
3787619 3790064
3792656 3794947
3813973 3817595
3818411 3836027
3836308 3862326
3865524 3868018
3875090 3878524
3885898 3886051
3888967 3889048
3889158 3889700
3891809 3896244
3901540 3904814
3923426 3927889
3947417 3949107
3952929 3956502
3961808 3971532
3972781 3972977
3973295 3979500
3982619 3987369
3991052 3991178
4011454 4011633
4028491 4028788
4041394 4041740
4062469 4065454
4071446 4071673
4072075 4072269
4072681 4072758
4082574 4089936
4091861 4092205
4103329 4104849
4129905 4131718
4132004 4133186
4135330 4135892
4160705 4161291
4178245 4242895
4247672 4263529
4287075 4290849
4293002 4295548
4298963 4301133
4311069 4311687
4312873 4314056
4328100 4328262
4329056 4332057
4335182 4341982
4360541 4361347
4378668 4378766
4393666 4393780
4400340 4473955
4474090 4479280
4479439 4576412
4578286 4578370
4581553 4584701
4589062 4591108
4592276 4605593
4605827 4609334
4627648 4654766
4658447 4661667
4665262 4678031
4678785 4686884
4687223 4692041
4693094 4696171
4697645 4705026
4708375 4709622
4710466 4716558
4744396 4752196
4752636 4838633
4838769 4843687
4843846 4862815
4864298 4864583
4865744 4890780
4890991 4891215
4908983 4909069
4925286 4925361
4925846 4931078
4935455 4935544
4938036 4941908
4961577 4962177
4968909 4974710
4976141 4980328
4984515 4985094
5040952 5068658
5076152 5078586
5107750 5108886
5114747 5116167
5116415 5132597
5134829 5140460
5143087 5143148
5148330 5150558
5151145 5155883
5158402 5160988
5162631 5169507
5173500 5178006
5179248 5179955
5185536 5186384
5207758 5207978
5208119 5213044
5213203 5248408
5248678 5248790
5248873 5249064
5249150 5252901
5258344 5306171
5306260 5344771
5348441 5349911
5350014 5449781
5449918 5453222
5455127 5505304
