##FastQC	0.11.9
>>Basic Statistics	pass
#Measure	Value
Filename	ERR1795072_2.fastq.gz
File type	Conventional base calls
Encoding	Sanger / Illumina 1.9
Total Sequences	1361900
Sequences flagged as poor quality	0
Sequence length	35-251
%GC	56
>>END_MODULE
>>Per base sequence quality	warn
#Base	Mean	Median	Lower Quartile	Upper Quartile	10th Percentile	90th Percentile
1	31.62441735810265	33.0	32.0	34.0	29.0	34.0
2	31.955885160437624	33.0	32.0	34.0	30.0	34.0
3	32.20654159629929	33.0	32.0	34.0	32.0	34.0
4	32.45499008737793	33.0	32.0	34.0	32.0	34.0
5	32.357576180336295	33.0	32.0	34.0	32.0	34.0
6	34.769821572802705	37.0	34.0	37.0	32.0	37.0
7	34.84371686614289	37.0	34.0	37.0	32.0	37.0
8	34.6575313899699	37.0	34.0	37.0	32.0	37.0
9	34.75261546369043	37.0	34.0	37.0	32.0	37.0
10-14	35.357590571995004	36.6	35.2	37.4	33.0	37.4
15-19	36.61953256479918	38.0	38.0	38.0	34.4	38.0
20-24	36.78022982597842	38.0	38.0	38.4	34.4	38.4
25-29	36.97403920992731	38.0	38.0	39.0	34.6	39.0
30-34	36.90974741170423	38.0	38.0	39.0	34.4	39.0
35-39	36.80910959031077	38.0	38.0	39.0	34.0	39.0
40-44	36.77823749555738	38.0	38.0	39.0	34.0	39.0
45-49	36.70720394196767	38.0	38.0	39.0	34.0	39.0
50-54	36.56698900960531	38.0	37.0	39.0	33.2	39.0
55-59	36.550159534297165	38.0	37.0	39.0	33.2	39.0
60-64	36.509613236627935	38.0	37.0	39.0	33.0	39.0
65-69	36.496115724999015	38.0	37.0	39.0	33.0	39.0
70-74	36.51079257633257	38.0	37.0	39.0	33.0	39.0
75-79	36.43106814018055	38.0	37.0	39.0	33.0	39.0
80-84	36.34064850536836	38.0	37.0	39.0	32.8	39.0
85-89	36.234268378858374	38.0	37.0	39.0	32.0	39.0
90-94	36.10661596355544	38.0	37.0	39.0	31.2	39.0
95-99	35.98017317566856	38.0	37.0	39.0	30.2	39.0
100-104	35.827278307420805	38.0	37.0	39.0	30.0	39.0
105-109	35.77495694998984	38.0	37.0	39.0	30.0	39.0
110-114	35.66918429156365	38.0	37.0	39.0	29.6	39.0
115-119	35.435532597179034	38.0	37.0	39.0	27.0	39.0
120-124	35.293146099242165	38.0	36.6	39.0	26.6	39.0
125-129	35.0814231973333	38.0	36.0	39.0	26.0	39.0
130-134	34.817718466574924	38.0	35.2	39.0	24.6	39.0
135-139	34.59433417739255	38.0	35.0	38.0	24.0	39.0
140-144	34.35153950737072	37.8	34.2	38.0	24.0	39.0
145-149	34.19322599361037	37.0	34.0	38.0	24.0	39.0
150-154	33.88862522964324	37.0	33.6	38.0	17.4	39.0
155-159	33.64810405813647	37.0	33.0	38.0	15.2	39.0
160-164	33.425767971837885	37.0	33.0	38.0	15.0	39.0
165-169	33.08767212197792	37.0	32.8	38.0	14.2	38.0
170-174	32.76552621061561	37.0	32.0	37.0	14.0	38.0
175-179	32.41723415955694	37.0	31.8	37.0	14.0	38.0
180-184	32.2288092626584	37.0	31.4	37.0	14.0	38.0
185-189	31.992749970944505	37.0	31.0	37.0	14.0	38.0
190-194	31.51442638796262	37.0	28.8	37.0	13.8	37.8
195-199	31.215869841447404	37.0	26.4	37.0	13.0	37.0
200-204	30.89034387722137	37.0	26.0	37.0	13.0	37.0
205-209	30.67911554475331	36.2	26.0	37.0	13.0	37.0
210-214	30.275634184507954	35.8	25.0	37.0	13.0	37.0
215-219	29.87981951847603	34.8	24.2	37.0	13.0	37.0
220-224	29.467079721804062	33.6	24.0	37.0	13.0	37.0
225-229	29.034532525507302	33.0	24.0	37.0	13.0	37.0
230-234	28.5747183222309	33.0	22.2	37.0	12.6	37.0
235-239	28.031208894179816	33.0	14.6	37.0	12.0	37.0
240-244	27.674573440258172	32.0	14.0	37.0	12.0	37.0
245-249	27.133355426487366	32.0	14.0	37.0	12.0	37.0
250-251	24.18916726564659	23.0	13.5	34.5	12.0	37.0
>>END_MODULE
>>Per tile sequence quality	pass
#Tile	Base	Mean
1101	1	-0.25230872079311695
1101	2	-0.18988207702375703
1101	3	0.06595711783590019
1101	4	0.12576195535066859
1101	5	0.2040081615184306
1101	6	0.18364839480977935
1101	7	0.17363367934578378
1101	8	0.17912102123548124
1101	9	0.019817594148776152
1101	10-14	0.12803722147854302
1101	15-19	0.14976634880505912
1101	20-24	0.14087401576170322
1101	25-29	0.07257269504930974
1101	30-34	0.09420280825159466
1101	35-39	0.1388870904689199
1101	40-44	0.03128191003152381
1101	45-49	-0.0058450470615554195
1101	50-54	-0.01143392718017111
1101	55-59	0.09812337511640123
1101	60-64	0.014588746848922085
1101	65-69	-0.10528638141835955
1101	70-74	-0.07932730999914384
1101	75-79	-0.059849069081487016
1101	80-84	-0.07249954203715703
1101	85-89	0.037014643504086564
1101	90-94	-0.021766216868265076
1101	95-99	-0.13736724821804103
1101	100-104	-0.0895936520229128
1101	105-109	-0.2147237754823692
1101	110-114	-0.2640571597247572
1101	115-119	-0.2321618972795889
1101	120-124	-0.13761339078402557
1101	125-129	-0.09746120550162374
1101	130-134	-0.12349134699558562
1101	135-139	-0.05020944308124342
1101	140-144	-0.06470397722824117
1101	145-149	-0.2308505268116292
1101	150-154	-0.43372436535889847
1101	155-159	-0.14629760153253812
1101	160-164	-0.39007755865497984
1101	165-169	-0.23387531082010327
1101	170-174	-0.16594137687648214
1101	175-179	-0.20104572193336878
1101	180-184	-0.31148846821207954
1101	185-189	-0.2898873522514158
1101	190-194	-0.24050274861760101
1101	195-199	-0.43263898516747545
1101	200-204	-0.03262145583384424
1101	205-209	-0.4906636379424505
1101	210-214	-0.46272648361667024
1101	215-219	-0.23511024721632978
1101	220-224	-0.38710795820608723
1101	225-229	-0.5189053145997562
1101	230-234	-0.3887769089396471
1101	235-239	-0.7329736261463964
1101	240-244	-0.8232045397385086
1101	245-249	-0.7725773149364379
1101	250-251	-0.7020106343402794
1102	1	-0.24828120037978252
1102	2	-0.21696301275344965
1102	3	-0.0898611820362305
1102	4	-0.017986198369065676
1102	5	-0.1626890217910386
1102	6	-0.2587005166675098
1102	7	-0.08201565984570891
1102	8	-0.3306739054400154
1102	9	-0.47105125327821185
1102	10-14	-0.2786397446238169
1102	15-19	-0.2288402609545841
1102	20-24	-0.3967005314773715
1102	25-29	-0.47983385625631314
1102	30-34	-0.40376643813278434
1102	35-39	-0.2743210833497258
1102	40-44	-0.6132677803988287
1102	45-49	-0.5851309812542027
1102	50-54	-0.6842250414058526
1102	55-59	-0.40370813223841395
1102	60-64	-0.7406890844329297
1102	65-69	-0.6744232968688166
1102	70-74	-0.1334907788529307
1102	75-79	0.04232095617155096
1102	80-84	0.05616918861687026
1102	85-89	0.16798106369189014
1102	90-94	0.06174160875799828
1102	95-99	0.29900788125326727
1102	100-104	0.1455438439150356
1102	105-109	0.16688358310332063
1102	110-114	0.10941331070691263
1102	115-119	0.08179892984053794
1102	120-124	0.1690718363595849
1102	125-129	0.271721919595187
1102	130-134	0.1719916937061683
1102	135-139	0.3313330522871567
1102	140-144	0.27926506566194575
1102	145-149	0.31875187607176514
1102	150-154	0.32784974548456347
1102	155-159	0.21242925553001868
1102	160-164	0.2252165542797897
1102	165-169	0.2994888605607784
1102	170-174	0.4679783947466447
1102	175-179	0.18069101508745433
1102	180-184	0.09037932699996531
1102	185-189	0.21552358959865003
1102	190-194	0.5781604973954089
1102	195-199	0.2636881689037942
1102	200-204	0.4315402821905998
1102	205-209	0.30625539271807156
1102	210-214	0.35031996329944803
1102	215-219	0.47210610327507396
1102	220-224	0.38992387249730953
1102	225-229	0.18116348776049662
1102	230-234	0.5972195565912592
1102	235-239	0.5388400646359273
1102	240-244	0.4703930759452426
1102	245-249	0.5131494734097046
1102	250-251	0.40883947445179913
1103	1	-0.0865934164327058
1103	2	-0.21105636664833938
1103	3	0.02681514573723831
1103	4	0.18903424610041242
1103	5	0.22875288688021556
1103	6	0.21503688303795343
1103	7	0.21291172725832297
1103	8	0.1292359032726509
1103	9	0.004452878002261684
1103	10-14	0.17241256672762262
1103	15-19	0.18478198145827918
1103	20-24	0.09798657462044247
1103	25-29	0.21370671524628904
1103	30-34	0.12891491798087173
1103	35-39	0.46646903184202415
1103	40-44	0.16939932220120824
1103	45-49	0.026947604752727727
1103	50-54	0.10119664695800878
1103	55-59	0.3469362549292967
1103	60-64	0.2606080198907321
1103	65-69	0.2111784250330757
1103	70-74	0.28079375760361813
1103	75-79	0.04227692197778765
1103	80-84	0.14464715236054104
1103	85-89	0.12687675334365878
1103	90-94	-0.03658665489903967
1103	95-99	0.05728221871928696
1103	100-104	-0.0194264779302884
1103	105-109	0.0011982734890452207
1103	110-114	0.07573695080149889
1103	115-119	0.045616392619344026
1103	120-124	0.15289239618491735
1103	125-129	0.12073136866884226
1103	130-134	-0.10222231786551106
1103	135-139	0.12318731942208672
1103	140-144	0.0675663481255242
1103	145-149	0.12423003958907941
1103	150-154	0.11222861963354802
1103	155-159	0.21902669605469782
1103	160-164	0.3422339902850169
1103	165-169	0.5272398622260894
1103	170-174	0.5300721356078881
1103	175-179	0.38283356925327183
1103	180-184	0.30535959158992654
1103	185-189	0.5032020869030411
1103	190-194	0.5683602233172209
1103	195-199	0.3442881824428774
1103	200-204	0.3597455115771737
1103	205-209	0.3491430136379634
1103	210-214	0.43838208426331704
1103	215-219	0.34949807014301726
1103	220-224	0.04749147954832367
1103	225-229	0.5733343799145523
1103	230-234	0.3839828656933193
1103	235-239	0.3290047051336451
1103	240-244	0.5147933576352806
1103	245-249	0.45279227712345715
1103	250-251	0.32298229680210966
1104	1	0.36967140574678936
1104	2	0.3647531770155723
1104	3	-0.010627477163687615
1104	4	0.11208026723207354
1104	5	0.02931238571777328
1104	6	0.05628565015470599
1104	7	0.001166740645366815
1104	8	-0.05079244067825073
1104	9	0.08864336477208212
1104	10-14	-0.1790470731956546
1104	15-19	0.03165401496176656
1104	20-24	-0.3448981071428818
1104	25-29	0.02361421444803824
1104	30-34	-0.2148436177304589
1104	35-39	0.10203030449267203
1104	40-44	-0.27875108726939857
1104	45-49	-0.15683578308107116
1104	50-54	-0.23910450470872746
1104	55-59	0.11618540212617745
1104	60-64	-0.04320816606087163
1104	65-69	-0.02061406362785334
1104	70-74	0.1981044741098401
1104	75-79	0.22444902127697475
1104	80-84	0.2144160497592651
1104	85-89	0.3103557342796037
1104	90-94	0.21834367508492392
1104	95-99	0.3168608146180816
1104	100-104	0.2804349853741215
1104	105-109	0.1680046172919205
1104	110-114	0.32412678065730915
1104	115-119	0.2525278964987123
1104	120-124	0.29196242859451615
1104	125-129	0.30963267764771985
1104	130-134	0.21839246913940258
1104	135-139	0.3124538777171537
1104	140-144	0.25213532781339154
1104	145-149	0.2734001328764677
1104	150-154	0.18314308335720852
1104	155-159	0.25648383832961485
1104	160-164	0.3817132312959757
1104	165-169	0.4930427495439318
1104	170-174	0.5813269136366088
1104	175-179	0.39500129426177466
1104	180-184	0.44266037173343165
1104	185-189	0.6636450115793586
1104	190-194	0.578045439833538
1104	195-199	0.5746001784965102
1104	200-204	0.43369061466573555
1104	205-209	0.560341856791208
1104	210-214	0.8387987324569579
1104	215-219	0.8340589474332987
1104	220-224	0.6433410155662003
1104	225-229	0.7728524329547461
1104	230-234	0.8089071075974559
1104	235-239	0.9501251167486302
1104	240-244	0.564805970772035
1104	245-249	0.5512353454377283
1104	250-251	0.6803014437459076
1105	1	-0.12876899004084308
1105	2	0.10691287525216353
1105	3	0.24071761960039595
1105	4	0.14421074816163326
1105	5	-0.2011049382292427
1105	6	0.12794598646078015
1105	7	0.14483790685113718
1105	8	0.04344629361203545
1105	9	0.2523282352941436
1105	10-14	0.19211878023862994
1105	15-19	0.21699289646271325
1105	20-24	0.30084308530042847
1105	25-29	0.23879669426487027
1105	30-34	0.2690707732445574
1105	35-39	0.2772264900393395
1105	40-44	0.21274681752763058
1105	45-49	0.0979082295887892
1105	50-54	0.18582953827335302
1105	55-59	0.35302603635927454
1105	60-64	0.3054901895137192
1105	65-69	0.14696595702005055
1105	70-74	0.0015568297984529522
1105	75-79	-0.08472416932919913
1105	80-84	-0.23629809482527975
1105	85-89	-0.05823051402472146
1105	90-94	-0.38290020043368855
1105	95-99	-0.011649815026025578
1105	100-104	-0.08295196819398143
1105	105-109	-0.19531566581332527
1105	110-114	-0.09166419833355377
1105	115-119	-0.15360618999513775
1105	120-124	-0.03823830628659408
1105	125-129	-0.15023689806978524
1105	130-134	-0.4651224266396454
1105	135-139	-0.4282279415988768
1105	140-144	-0.5879860613646883
1105	145-149	-0.17418054527735904
1105	150-154	-0.3462187299954209
1105	155-159	-0.5886896765185909
1105	160-164	-0.05113301896050615
1105	165-169	-0.2705912058527389
1105	170-174	-0.03950786684672636
1105	175-179	-0.11288250428377467
1105	180-184	-0.3331646498854681
1105	185-189	-0.007944149668830391
1105	190-194	0.11250905840496728
1105	195-199	0.3506815008155755
1105	200-204	-0.15011806548004358
1105	205-209	0.2539682882554537
1105	210-214	0.0011693308473645914
1105	215-219	-0.09002517680105981
1105	220-224	-0.20689185321976566
1105	225-229	0.09374618645524535
1105	230-234	0.0504480186620917
1105	235-239	-0.09690952654829488
1105	240-244	0.14087487812903987
1105	245-249	-0.3889907504644867
1105	250-251	0.2799066587005612
1106	1	-0.11310733965725817
1106	2	3.078372702631782E-4
1106	3	0.03337883421428245
1106	4	0.055578015939424574
1106	5	0.11165346378712826
1106	6	0.11681133093403417
1106	7	0.2138963080605336
1106	8	0.17791890467950822
1106	9	0.26812371001412316
1106	10-14	0.2029627545120718
1106	15-19	0.1916454575511679
1106	20-24	0.3715134645276521
1106	25-29	0.24466832108461745
1106	30-34	0.3102105934492059
1106	35-39	0.17027561695452675
1106	40-44	0.23064145985883755
1106	45-49	0.34238058915872216
1106	50-54	0.20731157174902393
1106	55-59	0.14609989291936643
1106	60-64	0.4175171742095003
1106	65-69	0.2620074360758551
1106	70-74	-0.14976081555109744
1106	75-79	-0.1653368703530731
1106	80-84	-0.3543015449025404
1106	85-89	-0.0963956663138319
1106	90-94	-0.14214958211628215
1106	95-99	0.015002386834936488
1106	100-104	-0.10423147928316467
1106	105-109	0.03570742637175073
1106	110-114	0.03471844199311391
1106	115-119	0.07499625670577359
1106	120-124	0.26516575772319584
1106	125-129	0.12540057997284038
1106	130-134	-0.20434379290683324
1106	135-139	0.10844872339987432
1106	140-144	-0.12063633257297823
1106	145-149	0.29829262322080297
1106	150-154	0.06690086767213188
1106	155-159	0.11806503187304429
1106	160-164	0.19131862249145115
1106	165-169	-0.19712926266794284
1106	170-174	0.2201399343058128
1106	175-179	0.4543894887637592
1106	180-184	0.23136462595160623
1106	185-189	0.48905217602017004
1106	190-194	0.30293208881251843
1106	195-199	0.41007345139373186
1106	200-204	0.30280426000904015
1106	205-209	0.31147804138189983
1106	210-214	0.40325675060595856
1106	215-219	0.4299895823592301
1106	220-224	0.7059151202309337
1106	225-229	0.37584361436346825
1106	230-234	0.21932470912139834
1106	235-239	0.5063314429516375
1106	240-244	0.2546336378038241
1106	245-249	0.17982460937638223
1106	250-251	0.23288773073844382
1107	1	0.22802501475065995
1107	2	0.10747480883951965
1107	3	-0.045563431583779845
1107	4	0.07942931621553839
1107	5	0.15708586333987995
1107	6	-0.13960573118735198
1107	7	0.13347650050349813
1107	8	0.1682678847212955
1107	9	0.30055137985842606
1107	10-14	0.09129560446326224
1107	15-19	0.045550977556629846
1107	20-24	0.2539547171917178
1107	25-29	0.2434697848795082
1107	30-34	0.2269778954681314
1107	35-39	0.10756054386817482
1107	40-44	0.2696161607883596
1107	45-49	0.28759575715179864
1107	50-54	0.15331951815307576
1107	55-59	0.010301179838414498
1107	60-64	0.284561591355768
1107	65-69	0.152172327923914
1107	70-74	0.0632000138162141
1107	75-79	0.006357953093747426
1107	80-84	0.055292377378243884
1107	85-89	0.20474996578863625
1107	90-94	0.015205020646931189
1107	95-99	0.16060738195628943
1107	100-104	0.0644943242291518
1107	105-109	0.03802075690504125
1107	110-114	0.025578268841641716
1107	115-119	0.2765211561576564
1107	120-124	0.29658907472844476
1107	125-129	0.1544717634653452
1107	130-134	0.1569598958875531
1107	135-139	0.35516228187506016
1107	140-144	0.05748578249191638
1107	145-149	0.2646773872045216
1107	150-154	0.021077900013743545
1107	155-159	0.3508051893264792
1107	160-164	0.3969277909113629
1107	165-169	0.23377131326819267
1107	170-174	0.2197389660197615
1107	175-179	0.4233674145562887
1107	180-184	0.3334935225536739
1107	185-189	0.08677467512209702
1107	190-194	0.29466061854656544
1107	195-199	0.45717868759445324
1107	200-204	0.7190288342507962
1107	205-209	0.42107144140285513
1107	210-214	0.5070428158864573
1107	215-219	0.6481650418426064
1107	220-224	0.7419568505807987
1107	225-229	0.5067767458707344
1107	230-234	0.664155372965407
1107	235-239	0.7647190922957172
1107	240-244	0.7650525230322174
1107	245-249	0.7020742294368709
1107	250-251	0.6288088299040844
1108	1	0.25005518262180004
1108	2	0.11997447903615921
1108	3	0.20585976208936785
1108	4	0.12034672837436489
1108	5	0.16956951451625457
1108	6	0.04901528271912525
1108	7	0.205943885204654
1108	8	0.28288782588601435
1108	9	0.14038461161505467
1108	10-14	0.1637609980534549
1108	15-19	0.15008476998716702
1108	20-24	0.14318989459970766
1108	25-29	0.1298735533396922
1108	30-34	0.18796067506229264
1108	35-39	-0.10352830446567651
1108	40-44	0.1920970906823598
1108	45-49	0.1220610385834604
1108	50-54	0.06057411776185262
1108	55-59	-0.02739315806485365
1108	60-64	0.22913978766924004
1108	65-69	0.15576523148089905
1108	70-74	0.15413980857519505
1108	75-79	0.22637507805839618
1108	80-84	0.27430677175872376
1108	85-89	0.16903121669528076
1108	90-94	0.18340586019668592
1108	95-99	0.2855395446633793
1108	100-104	0.31333086785905806
1108	105-109	0.15500297096026117
1108	110-114	0.19803061715285253
1108	115-119	0.42433488709821177
1108	120-124	0.43998742722342143
1108	125-129	0.1757054422175912
1108	130-134	0.3338459370433853
1108	135-139	0.5295150110924283
1108	140-144	0.36012348184313936
1108	145-149	0.4063395969879693
1108	150-154	0.36104588464280596
1108	155-159	0.534682011453441
1108	160-164	0.4511698116312104
1108	165-169	0.43584533387087276
1108	170-174	0.3315214143387877
1108	175-179	0.45208774537824326
1108	180-184	0.5228409234949183
1108	185-189	0.22626089348556988
1108	190-194	0.5238909828984006
1108	195-199	0.7174785377480681
1108	200-204	0.8673549248517602
1108	205-209	0.3964931209172846
1108	210-214	0.7390750119235392
1108	215-219	0.8213988838564248
1108	220-224	0.7230171302498505
1108	225-229	0.5493778752358907
1108	230-234	0.8884582526164451
1108	235-239	1.026945326020229
1108	240-244	0.9815053889703229
1108	245-249	0.9857714121243255
1108	250-251	0.8442085391709888
1109	1	-0.26580854565053613
1109	2	-0.12248862128333116
1109	3	0.07381966742926238
1109	4	0.1716185418371765
1109	5	0.3227510248429226
1109	6	0.17212202115511133
1109	7	0.3699395231484033
1109	8	0.24993659941895174
1109	9	0.2172379374735769
1109	10-14	0.17020363559333163
1109	15-19	0.1812287415717222
1109	20-24	0.17992975838971859
1109	25-29	0.3073728211713984
1109	30-34	0.3055290027636701
1109	35-39	0.14298947627327152
1109	40-44	0.22674131021788213
1109	45-49	0.19475887599647734
1109	50-54	0.18733524122542633
1109	55-59	-0.026093757127071626
1109	60-64	0.2951107260571888
1109	65-69	0.351279371531632
1109	70-74	0.222608051464249
1109	75-79	0.2942101259193137
1109	80-84	0.32349558660168753
1109	85-89	0.28438732687614277
1109	90-94	0.34952276307299
1109	95-99	0.3734371678513426
1109	100-104	0.425002549298064
1109	105-109	0.42403712329522847
1109	110-114	0.4316968952258122
1109	115-119	0.429630984202241
1109	120-124	0.3816948752177822
1109	125-129	0.2820861073232095
1109	130-134	0.4907657911265133
1109	135-139	0.5145502378995346
1109	140-144	0.39018075914859907
1109	145-149	0.42289090017046504
1109	150-154	0.4365272140528873
1109	155-159	0.657583728403381
1109	160-164	0.6970101136589832
1109	165-169	0.6808075057048839
1109	170-174	0.3815639682753442
1109	175-179	0.5829601685197261
1109	180-184	0.47714977247125034
1109	185-189	0.3505389282233473
1109	190-194	0.7960487885247929
1109	195-199	0.7019396286697948
1109	200-204	1.0562454046369467
1109	205-209	0.7098669886276916
1109	210-214	0.6053823552092936
1109	215-219	0.9023489766867421
1109	220-224	0.7155659770991001
1109	225-229	0.8289523114166784
1109	230-234	0.8138938620445835
1109	235-239	1.0225443957845144
1109	240-244	1.1799579897997496
1109	245-249	1.3339903981848948
1109	250-251	1.1106219520026066
1110	1	0.42505394758491377
1110	2	0.2064738263931858
1110	3	0.022149910826748
1110	4	-0.07586319690935284
1110	5	0.2416651275435413
1110	6	-0.014667396920742704
1110	7	0.030180776393322617
1110	8	0.04253747938211916
1110	9	0.08346632433257639
1110	10-14	0.06027533863663592
1110	15-19	-0.006126492137795481
1110	20-24	-0.04474951793805815
1110	25-29	0.09577751476208363
1110	30-34	0.1384571193322799
1110	35-39	0.043969264699363464
1110	40-44	0.045067545729061464
1110	45-49	-0.01584056595297767
1110	50-54	0.1081699699986558
1110	55-59	-0.07915866413523531
1110	60-64	0.01231522316041378
1110	65-69	0.1769481680332703
1110	70-74	0.2506410374628345
1110	75-79	0.0584197555742918
1110	80-84	-0.003698148232174958
1110	85-89	0.13753410394775756
1110	90-94	0.02061685895548493
1110	95-99	0.006308072350513783
1110	100-104	-0.016531359824561775
1110	105-109	0.028183610169079998
1110	110-114	0.1585258696926175
1110	115-119	0.023846335692148557
1110	120-124	0.03379993714334972
1110	125-129	-0.04989040176483428
1110	130-134	0.2826960461631174
1110	135-139	0.09008464837118879
1110	140-144	0.25294683850574273
1110	145-149	0.10373545058077838
1110	150-154	0.1253378653578494
1110	155-159	0.1234933154031097
1110	160-164	0.3365100740217386
1110	165-169	0.45929947792822645
1110	170-174	0.07569628846542287
1110	175-179	0.2344039366013888
1110	180-184	0.3979782143550281
1110	185-189	0.087902525187598
1110	190-194	0.740340748876541
1110	195-199	0.5553928172617049
1110	200-204	0.9724983981248592
1110	205-209	0.5803805905047561
1110	210-214	0.36508669024771123
1110	215-219	0.6016029251175894
1110	220-224	0.6863061263237462
1110	225-229	0.8786409303004774
1110	230-234	0.6126147624748377
1110	235-239	1.0463943202838948
1110	240-244	0.8789014619106084
1110	245-249	0.912107975999664
1110	250-251	0.7313057071576345
1111	1	0.00152852870621345
1111	2	0.29030236869904513
1111	3	0.3235532676555195
1111	4	0.05391494677733988
1111	5	0.1786534647513207
1111	6	0.25120600846992147
1111	7	0.04528794775126954
1111	8	0.12287387052143117
1111	9	0.12867221108244564
1111	10-14	0.060804031602636144
1111	15-19	0.09969054859653426
1111	20-24	0.08699234134773093
1111	25-29	0.13660423547214862
1111	30-34	0.27298080803960545
1111	35-39	0.13663556488972972
1111	40-44	0.11854486809631481
1111	45-49	0.22656545304564446
1111	50-54	0.31697479443665344
1111	55-59	0.14202260884008666
1111	60-64	-0.07019408316731557
1111	65-69	0.2656983933372956
1111	70-74	0.28682468969830666
1111	75-79	0.20973186451544734
1111	80-84	0.20447875345389122
1111	85-89	0.11547066698948782
1111	90-94	0.23568077503847462
1111	95-99	0.1541904481088281
1111	100-104	0.28086772090776435
1111	105-109	0.2060546557510321
1111	110-114	0.3107700163945637
1111	115-119	0.2466422057412032
1111	120-124	0.29454591791851925
1111	125-129	0.3545283040568279
1111	130-134	0.5389731634053305
1111	135-139	0.3128936822911399
1111	140-144	0.4965939592687576
1111	145-149	0.4209700858879657
1111	150-154	0.4817990314812235
1111	155-159	0.5281219079662094
1111	160-164	0.6510193051677433
1111	165-169	0.661871231039278
1111	170-174	0.37443075665122905
1111	175-179	0.29781040120368374
1111	180-184	0.5057538031044473
1111	185-189	0.5344158594065824
1111	190-194	0.7358383689996089
1111	195-199	0.7323271269310254
1111	200-204	0.917146620969735
1111	205-209	1.0139378151368383
1111	210-214	0.7356435982136489
1111	215-219	0.916844528540512
1111	220-224	0.6771308373068265
1111	225-229	1.0540398950437968
1111	230-234	0.934407983319538
1111	235-239	1.0330117647904906
1111	240-244	1.2317560816075641
1111	245-249	1.056202843770592
1111	250-251	0.708446277481567
1112	1	0.5160314690452807
1112	2	0.32979641965893336
1112	3	0.143762451794629
1112	4	0.2542187674234171
1112	5	0.21783290738773076
1112	6	0.21006333245295394
1112	7	-0.004856708187837455
1112	8	-0.05520597943305461
1112	9	-0.17409572649988547
1112	10-14	0.04862209529353123
1112	15-19	0.11773615677468996
1112	20-24	0.07739136266609137
1112	25-29	0.07415085510154285
1112	30-34	0.2755973812653494
1112	35-39	0.18178203878562726
1112	40-44	0.0819266080463521
1112	45-49	0.18162618836964128
1112	50-54	0.2920845142863655
1112	55-59	0.09873451210788176
1112	60-64	-0.03320372827774776
1112	65-69	0.24689690169947198
1112	70-74	0.2707344915855785
1112	75-79	0.30660584949043823
1112	80-84	0.15775639881537273
1112	85-89	0.21526716990019423
1112	90-94	0.25729749392263557
1112	95-99	0.14264070271260465
1112	100-104	0.2593376412551649
1112	105-109	0.4394897928282617
1112	110-114	0.4042270359797513
1112	115-119	0.32563523776293835
1112	120-124	0.1793077471524569
1112	125-129	0.28519197628976656
1112	130-134	0.6101412808581443
1112	135-139	0.18899700569904354
1112	140-144	0.5172929244551128
1112	145-149	0.28920544387622016
1112	150-154	0.49264780120343943
1112	155-159	0.3928787679443815
1112	160-164	0.40182944976449875
1112	165-169	0.38025153824290214
1112	170-174	0.003997055364138191
1112	175-179	0.09102281195828255
1112	180-184	0.4036780346795865
1112	185-189	0.5031046625669937
1112	190-194	0.7285970117541467
1112	195-199	0.759089047523517
1112	200-204	0.7284029845107014
1112	205-209	0.6411545496649573
1112	210-214	0.6317275250260934
1112	215-219	0.8336125198651061
1112	220-224	0.7417240981396489
1112	225-229	0.8306745787210659
1112	230-234	0.6604272882766722
1112	235-239	0.9455808858701111
1112	240-244	0.8464754267216392
1112	245-249	0.7086483719454577
1112	250-251	0.5356932989596537
1113	1	0.4976325725308257
1113	2	0.29473677384859087
1113	3	0.2902864337285891
1113	4	0.13827123735215707
1113	5	0.34752535781451144
1113	6	0.09876171456124894
1113	7	0.08092790451286191
1113	8	0.05705873503885073
1113	9	-0.19248795982011302
1113	10-14	0.07821714950732428
1113	15-19	0.19526560941827853
1113	20-24	0.17668572282491368
1113	25-29	-0.009441483406291695
1113	30-34	0.10111242535713671
1113	35-39	0.0165683757382169
1113	40-44	0.12777870355838417
1113	45-49	0.263193234798365
1113	50-54	0.2555264779672157
1113	55-59	0.17895768625010078
1113	60-64	0.09778637398139978
1113	65-69	0.2020918539634735
1113	70-74	0.14327367175957306
1113	75-79	0.3536615043351503
1113	80-84	0.4549179728969648
1113	85-89	0.409809275684637
1113	90-94	0.4734219391245915
1113	95-99	0.4570856114466437
1113	100-104	0.5630882743660024
1113	105-109	0.5219190362224921
1113	110-114	0.5144210279434773
1113	115-119	0.566009237003712
1113	120-124	0.3569259821764703
1113	125-129	0.4727922345208455
1113	130-134	0.6700184875285373
1113	135-139	0.7277597775487195
1113	140-144	0.7476554625934355
1113	145-149	0.5916916068751661
1113	150-154	0.7072341038498067
1113	155-159	0.6779525416089953
1113	160-164	0.5783509448606097
1113	165-169	0.629465734369056
1113	170-174	0.7595069529841822
1113	175-179	0.8712352218029338
1113	180-184	0.725350059009962
1113	185-189	0.8078578854815284
1113	190-194	0.823220275978521
1113	195-199	0.5640931008277477
1113	200-204	0.6416320256054355
1113	205-209	0.6835492831411507
1113	210-214	0.9980257327827005
1113	215-219	0.826221303153936
1113	220-224	0.9403737815584847
1113	225-229	1.1152879329375018
1113	230-234	1.2602043574803794
1113	235-239	1.2018442617497769
1113	240-244	1.2202610152986288
1113	245-249	1.1714416371830012
1113	250-251	1.0155287982177548
1114	1	0.5980410078382477
1114	2	0.4549479260098295
1114	3	0.4115309532669258
1114	4	0.22189627811034995
1114	5	0.2682184402839525
1114	6	-0.09076210394508166
1114	7	0.2159864211570266
1114	8	-0.17888496430533252
1114	9	-0.2923334155169641
1114	10-14	0.1766722454271914
1114	15-19	-0.026707392711479372
1114	20-24	0.08560002327053695
1114	25-29	-0.14091372786025147
1114	30-34	0.07636067982841155
1114	35-39	0.12042294372393769
1114	40-44	0.2220154964904637
1114	45-49	0.14240344258861626
1114	50-54	0.13846508523045742
1114	55-59	0.15615826570735436
1114	60-64	0.026062792710504823
1114	65-69	0.042946393728129806
1114	70-74	0.03550065644806466
1114	75-79	0.24063171356993962
1114	80-84	0.3433310596806223
1114	85-89	0.16371307782543454
1114	90-94	0.34907736339365414
1114	95-99	0.19537993269447895
1114	100-104	0.35366254391233554
1114	105-109	0.2816930359102159
1114	110-114	0.3843494164302257
1114	115-119	0.3042222953656335
1114	120-124	0.0923184814299347
1114	125-129	0.20046536941141824
1114	130-134	0.45980398722313964
1114	135-139	0.3377727638209933
1114	140-144	0.4620362537316822
1114	145-149	0.28017786368987885
1114	150-154	0.36249838362766695
1114	155-159	0.3747274662844333
1114	160-164	0.34665669857274395
1114	165-169	0.33949374054083137
1114	170-174	0.40544628936978455
1114	175-179	0.49921457813211134
1114	180-184	0.43158785041628533
1114	185-189	0.36328211212715544
1114	190-194	0.6983165320527505
1114	195-199	0.7084006904805982
1114	200-204	0.3881276096803248
1114	205-209	0.7499525398893532
1114	210-214	0.8381466402455935
1114	215-219	0.5248017180640083
1114	220-224	0.551328883525656
1114	225-229	0.5437228341927032
1114	230-234	0.7380859226662295
1114	235-239	0.25716702659493507
1114	240-244	0.35604549183600653
1114	245-249	0.7870844533184993
1114	250-251	0.6805099550317202
2101	1	-0.7409503980785885
2101	2	-0.4884006342945142
2101	3	-0.19797614582644485
2101	4	-0.11692286065024149
2101	5	-0.024383347921407506
2101	6	0.07741292430431912
2101	7	0.09804630266613401
2101	8	0.04264493669526104
2101	9	0.0538133416441724
2101	10-14	0.06308304115689367
2101	15-19	-0.06234696163400599
2101	20-24	-0.029259982560049025
2101	25-29	-0.09646012795855796
2101	30-34	-0.13836054854483137
2101	35-39	-0.04333752910790878
2101	40-44	-0.08922479310863451
2101	45-49	-0.16043110321083986
2101	50-54	-0.1485286030891757
2101	55-59	-0.21337014594251968
2101	60-64	-0.17093307968818294
2101	65-69	-0.23810346453638687
2101	70-74	-0.37523183041474084
2101	75-79	-0.35988912754831404
2101	80-84	-0.21366537370573013
2101	85-89	-0.1623203561403912
2101	90-94	-0.291632566857551
2101	95-99	-0.26021139915383884
2101	100-104	-0.3479392101596801
2101	105-109	-0.38567574568524066
2101	110-114	-0.45685180074751486
2101	115-119	-0.43926711026220744
2101	120-124	-0.41323591917774394
2101	125-129	-0.2886598369384643
2101	130-134	-0.4126343060538886
2101	135-139	-0.5611599316462232
2101	140-144	-0.46407341809798197
2101	145-149	-0.6481570117212314
2101	150-154	-0.3543932533263714
2101	155-159	-0.555032492628925
2101	160-164	-0.7071722304417349
2101	165-169	-0.591663067530412
2101	170-174	-0.5303962310535013
2101	175-179	-0.708881580481517
2101	180-184	-0.8381686977348402
2101	185-189	-0.8992836759527343
2101	190-194	-0.7693273556520097
2101	195-199	-0.8736254549010454
2101	200-204	-0.9168890193727783
2101	205-209	-0.8906086240475624
2101	210-214	-0.8249462384852606
2101	215-219	-1.1184804416813847
2101	220-224	-1.084014201279178
2101	225-229	-1.4314558649992968
2101	230-234	-1.1551674472332394
2101	235-239	-1.2741702660013416
2101	240-244	-1.4152866088793168
2101	245-249	-1.3784911816334606
2101	250-251	-0.8968423321702019
2102	1	-0.6919143990903969
2102	2	-0.29389547920111525
2102	3	-0.301180670598157
2102	4	-0.45179465930693397
2102	5	-0.4620904647213635
2102	6	-0.5062856681792809
2102	7	-0.5308656538091725
2102	8	-0.5350395777168373
2102	9	-0.4232811086488013
2102	10-14	-0.6183620176627613
2102	15-19	-0.6270761254910298
2102	20-24	-0.7169531053820748
2102	25-29	-0.7806369579837238
2102	30-34	-1.0146323309643108
2102	35-39	-0.7364770705972177
2102	40-44	-0.8944329002745164
2102	45-49	-0.8912326647474273
2102	50-54	-1.0536495195893494
2102	55-59	-1.0572737275895605
2102	60-64	-1.1634679660120284
2102	65-69	-1.3352652637151863
2102	70-74	-0.7467540859789494
2102	75-79	-0.43117275202737204
2102	80-84	-0.34242756696205845
2102	85-89	-0.3553337630446691
2102	90-94	-0.42237447582008514
2102	95-99	-0.477479550495552
2102	100-104	-0.30705555373977234
2102	105-109	-0.36842036188705407
2102	110-114	-0.5460891961538508
2102	115-119	-0.3665184798977421
2102	120-124	-0.3496945819016801
2102	125-129	-0.29205153500895875
2102	130-134	-0.3305417607928973
2102	135-139	-0.4769327610483529
2102	140-144	-0.4923496095258244
2102	145-149	-0.5173665721150442
2102	150-154	-0.20728425802467143
2102	155-159	-0.6852419867415733
2102	160-164	-0.6171590107801634
2102	165-169	-0.35510116038611983
2102	170-174	-0.571342594712327
2102	175-179	-0.62445788212165
2102	180-184	-0.5860641923303405
2102	185-189	-0.8483058864338453
2102	190-194	-0.8589374128065295
2102	195-199	-0.7863553143991702
2102	200-204	-0.5068649885806416
2102	205-209	-0.6109249832260026
2102	210-214	-0.6504399710358868
2102	215-219	-0.7031574757488954
2102	220-224	-0.3277710151506703
2102	225-229	-0.6586073691185241
2102	230-234	-0.7473906305588862
2102	235-239	-0.48031111303358287
2102	240-244	-0.7025754670283675
2102	245-249	-0.9549735373411856
2102	250-251	-0.6367415453185146
2103	1	-0.16491682333215252
2103	2	-0.35239754824362635
2103	3	-0.2182505972025517
2103	4	-0.18806894877531732
2103	5	-0.15293184167892804
2103	6	-0.19958484215970884
2103	7	-0.38503313525829697
2103	8	-0.1203146179785648
2103	9	-0.3349314695675929
2103	10-14	-0.143089485553908
2103	15-19	-0.1251297456131013
2103	20-24	-0.24830920268152568
2103	25-29	-0.19721185489882487
2103	30-34	-0.25543782995177367
2103	35-39	-0.29100625848364814
2103	40-44	-0.1391253107109307
2103	45-49	-0.23611891226307336
2103	50-54	-0.25985829304335084
2103	55-59	-0.14559571469641952
2103	60-64	-0.25881299507791766
2103	65-69	-0.2754021860101119
2103	70-74	-0.26234538333694957
2103	75-79	-0.25826091752477964
2103	80-84	-0.20617473447482126
2103	85-89	-0.20617337334243047
2103	90-94	-0.25156167338344204
2103	95-99	-0.38444657002548155
2103	100-104	-0.2404932858632094
2103	105-109	-0.2955520189095253
2103	110-114	-0.5299654684861039
2103	115-119	-0.2569217978985989
2103	120-124	-0.29539241777249714
2103	125-129	-0.3548528526937673
2103	130-134	-0.2921745357929879
2103	135-139	-0.3927019204946305
2103	140-144	-0.45439524928971053
2103	145-149	-0.44813064394671187
2103	150-154	-0.07700880039844549
2103	155-159	-0.4237661200353884
2103	160-164	-0.3061242649967255
2103	165-169	-0.34290074727707776
2103	170-174	-0.4668897278696207
2103	175-179	-0.36884703849137424
2103	180-184	-0.14041166499353608
2103	185-189	-0.5401212533405797
2103	190-194	-0.422276434218368
2103	195-199	-0.3481729914644731
2103	200-204	-0.2338400037825039
2103	205-209	-0.5053299025487377
2103	210-214	-0.4470140635965656
2103	215-219	-0.38908124352178675
2103	220-224	-0.3960870350060759
2103	225-229	-0.6432437598684295
2103	230-234	-0.6187886210410589
2103	235-239	-0.4228485121128571
2103	240-244	-0.44919013119958606
2103	245-249	-0.5789746216297473
2103	250-251	-0.5222010754312301
2104	1	-0.02647239008658886
2104	2	-0.24200211570779118
2104	3	-0.22735108897347445
2104	4	-0.200089199154327
2104	5	-0.20915478062962478
2104	6	-0.1408705018508698
2104	7	-0.5910131284549749
2104	8	-0.2598719401578151
2104	9	-0.23067792407143628
2104	10-14	-0.21984270558254337
2104	15-19	-0.17846001325238348
2104	20-24	-0.46800145739450016
2104	25-29	-0.2000354431047242
2104	30-34	-0.3454655051897859
2104	35-39	-0.6152071369942647
2104	40-44	-0.37969340643520155
2104	45-49	-0.3967117867423937
2104	50-54	-0.5497882483112093
2104	55-59	-0.33930811378386494
2104	60-64	-0.36481974281439733
2104	65-69	-0.24029005803860315
2104	70-74	-0.13773376384706637
2104	75-79	-0.11049308651541168
2104	80-84	-0.32469119640358457
2104	85-89	-0.23756548518302623
2104	90-94	-0.18895279034846624
2104	95-99	-0.37035408759768984
2104	100-104	-0.2745490938724373
2104	105-109	-0.23122828016465746
2104	110-114	-0.21434518317009577
2104	115-119	-0.357482192338459
2104	120-124	-0.2575717080027218
2104	125-129	-0.5771194834539983
2104	130-134	-0.44945970989272865
2104	135-139	-0.517702659067929
2104	140-144	-0.31503684588818004
2104	145-149	-0.42115924488791023
2104	150-154	-0.35593849808970646
2104	155-159	-0.7831304367321295
2104	160-164	-0.683778592426421
2104	165-169	-0.6700520301140003
2104	170-174	-0.5969609248442467
2104	175-179	-0.5024418007917859
2104	180-184	-0.5393236212977044
2104	185-189	-0.5893786945121668
2104	190-194	-0.7558154656159743
2104	195-199	-0.5260612004789351
2104	200-204	-0.49026076129486285
2104	205-209	-0.39277256198194976
2104	210-214	-0.3800234583124613
2104	215-219	-0.2224912144402893
2104	220-224	-0.18429228145980048
2104	225-229	-0.41201589824597207
2104	230-234	-0.683283735454463
2104	235-239	-0.41102010460026506
2104	240-244	-0.4846903323338765
2104	245-249	-0.48373613170239693
2104	250-251	-0.33262780175224194
2105	1	-0.23064240315297724
2105	2	-0.5367522797554152
2105	3	-0.2404251635348551
2105	4	-0.1852189087951217
2105	5	-0.1457109755259296
2105	6	-0.04224967745803809
2105	7	-0.4407882318559544
2105	8	-0.2005920713615481
2105	9	-0.11033684608062089
2105	10-14	-0.1253711048679378
2105	15-19	-0.1275183801152835
2105	20-24	-0.06777078470948794
2105	25-29	-0.07491054513572237
2105	30-34	-0.023239275501772738
2105	35-39	-0.057613514096637175
2105	40-44	-0.04075768280473824
2105	45-49	-0.19937777642365972
2105	50-54	-0.3142164500188187
2105	55-59	0.23248293646740592
2105	60-64	0.1161324425830017
2105	65-69	-0.018759757584895453
2105	70-74	-0.16521339826667258
2105	75-79	-0.11586737846852202
2105	80-84	-0.24462887007992862
2105	85-89	-0.30420977978918273
2105	90-94	-0.24148959917516777
2105	95-99	-0.347206788845142
2105	100-104	-0.3137266121617941
2105	105-109	-0.3532613263594513
2105	110-114	-0.1207947222843373
2105	115-119	-0.39907305026012807
2105	120-124	-0.2657215202574079
2105	125-129	-0.4481969433196582
2105	130-134	-0.24370129293127007
2105	135-139	-0.310156509049726
2105	140-144	-0.3384356397405597
2105	145-149	-0.34323200816113086
2105	150-154	-0.30564196813174505
2105	155-159	-0.8532607050493084
2105	160-164	-0.7912875613574712
2105	165-169	-0.5521745635302864
2105	170-174	-0.3523822766381173
2105	175-179	-0.29286790421731723
2105	180-184	-0.395101882193174
2105	185-189	-0.31425681834211616
2105	190-194	-0.5618661965974923
2105	195-199	-0.16167154713715348
2105	200-204	-0.8797380364639906
2105	205-209	-0.2899391763139363
2105	210-214	-0.5995118557895935
2105	215-219	-0.5008964510899219
2105	220-224	-0.48577403392689433
2105	225-229	-0.519635704877814
2105	230-234	-0.7117594484222316
2105	235-239	-0.6900839795080813
2105	240-244	-0.6768274867144193
2105	245-249	-0.9937777123783675
2105	250-251	-0.7300137482433016
2106	1	-0.1419100050151556
2106	2	-0.004659506432545868
2106	3	-0.14175802021036077
2106	4	-0.06348344585460097
2106	5	0.10384898628788619
2106	6	0.09603777309652628
2106	7	0.015393212319068539
2106	8	0.1396223175457152
2106	9	0.14897447262360686
2106	10-14	0.08752463158848656
2106	15-19	0.032395419798227465
2106	20-24	0.11039692118727373
2106	25-29	0.19153312778953335
2106	30-34	0.18613667318342664
2106	35-39	0.11880672485254706
2106	40-44	0.21172937084088517
2106	45-49	0.23324105092063263
2106	50-54	0.03819225119408998
2106	55-59	0.17154134291441636
2106	60-64	0.27209802338824574
2106	65-69	0.14892302637798593
2106	70-74	0.006813063684113274
2106	75-79	-0.2635078483754114
2106	80-84	-0.4008332521096136
2106	85-89	-0.3365063889699158
2106	90-94	-0.253212921304133
2106	95-99	-0.23404445397115126
2106	100-104	-0.40123265462042923
2106	105-109	-0.26509210423799345
2106	110-114	-0.3050457877930839
2106	115-119	-0.1444444607570574
2106	120-124	-0.20238260083087312
2106	125-129	-0.49705013857592206
2106	130-134	-0.3313516310780358
2106	135-139	-0.11316178655557962
2106	140-144	-0.18421331640723082
2106	145-149	-0.26640954496812697
2106	150-154	-0.37399078735918323
2106	155-159	-0.27944620795608444
2106	160-164	-0.5257411736121469
2106	165-169	-0.43815984833398147
2106	170-174	-0.25804837010063864
2106	175-179	-0.26504864526972227
2106	180-184	-0.20003564984364886
2106	185-189	-0.489208412725727
2106	190-194	-0.8261634980209145
2106	195-199	-0.16310787829668172
2106	200-204	-0.7282644006760499
2106	205-209	-0.4622138983715267
2106	210-214	-0.3875366736432042
2106	215-219	-0.5316148519227184
2106	220-224	-0.7641387826725072
2106	225-229	-0.8292908833459336
2106	230-234	-0.5846134854667078
2106	235-239	-0.6311745743117569
2106	240-244	-0.9659637603637066
2106	245-249	-0.9905408767987005
2106	250-251	-0.6539895826651794
2107	1	-0.009699345624266442
2107	2	-0.20748711271218667
2107	3	-0.2191083323353844
2107	4	-0.3088974579110513
2107	5	-0.05107358956492192
2107	6	-0.08812625681605368
2107	7	-0.176769824793098
2107	8	-0.01278397352336924
2107	9	0.08659071598112433
2107	10-14	-0.059951316214494454
2107	15-19	-0.033032609314396666
2107	20-24	0.08242025199694325
2107	25-29	0.0816555315093268
2107	30-34	-0.14159267085405247
2107	35-39	-3.589481902182001E-4
2107	40-44	0.04092039760774924
2107	45-49	0.06620386444967608
2107	50-54	0.1088566006983811
2107	55-59	-0.006392663963161738
2107	60-64	0.07308807299549613
2107	65-69	0.049836494256389585
2107	70-74	-0.15575381121364984
2107	75-79	-0.07932440202236535
2107	80-84	-0.11007946269887015
2107	85-89	-0.1357093622122818
2107	90-94	-0.05273518179294712
2107	95-99	-0.056204109324262674
2107	100-104	-0.19809981897312667
2107	105-109	-0.14003151984667994
2107	110-114	-0.06715197487249469
2107	115-119	-0.13372929560529911
2107	120-124	-0.09220379534097134
2107	125-129	-0.2956705691668873
2107	130-134	-0.2070119736267273
2107	135-139	-0.08845068473571871
2107	140-144	-0.1956266166384779
2107	145-149	-0.09786245154075601
2107	150-154	-0.14169717455163067
2107	155-159	0.04914291076034516
2107	160-164	-0.03838554186345533
2107	165-169	-0.277792876887311
2107	170-174	-0.06344628526020557
2107	175-179	0.00627647877971782
2107	180-184	-0.08393472842875127
2107	185-189	-0.10050398712336062
2107	190-194	-0.12580511885863288
2107	195-199	-0.12709172482790265
2107	200-204	-0.5661221874773723
2107	205-209	-0.23165562884943824
2107	210-214	-0.1214448038606335
2107	215-219	-0.21756561733575452
2107	220-224	-0.10886382622025437
2107	225-229	-0.29861286748003124
2107	230-234	-0.18693471473194734
2107	235-239	-0.4233808997388735
2107	240-244	-0.2558559630493491
2107	245-249	-0.6578499987560491
2107	250-251	-0.2040074007514292
2108	1	-0.14944693557090005
2108	2	-0.1660950737783473
2108	3	-0.0799525862230297
2108	4	-0.08373768428392481
2108	5	-1.7978401012995882
2108	6	-0.6062263134809953
2108	7	-0.21731440002119484
2108	8	-0.03936126737773549
2108	9	-0.09515187453933294
2108	10-14	0.09453531014116834
2108	15-19	0.07122567165765759
2108	20-24	0.14760676215359325
2108	25-29	0.139488043559588
2108	30-34	0.004343448386201487
2108	35-39	0.17904729761328042
2108	40-44	0.08842426712381979
2108	45-49	0.17510176076322637
2108	50-54	0.2612986716291914
2108	55-59	0.17755523389102734
2108	60-64	0.21044793468021794
2108	65-69	0.19253373250699468
2108	70-74	0.04238531719116878
2108	75-79	0.007058025011488667
2108	80-84	-0.08173242695513494
2108	85-89	-0.08207686737422648
2108	90-94	-0.07571715333292417
2108	95-99	-0.10704166064346765
2108	100-104	-0.1950191362464011
2108	105-109	-0.016104243900890935
2108	110-114	0.01844479331632698
2108	115-119	-0.12473075167905279
2108	120-124	-0.14245089331620875
2108	125-129	-0.11348698721269557
2108	130-134	-0.09552040533766615
2108	135-139	-0.20533232328091344
2108	140-144	-0.31638838339953423
2108	145-149	-0.1940822711700747
2108	150-154	-0.2796344227983596
2108	155-159	-0.06306050910900751
2108	160-164	-0.3767520850469239
2108	165-169	-0.5783220899287969
2108	170-174	-0.37238440451557864
2108	175-179	-0.46644475676280805
2108	180-184	-0.643004507609735
2108	185-189	-0.5872820114417578
2108	190-194	-1.1110449312607003
2108	195-199	-1.0019552286811795
2108	200-204	-1.4138777453318845
2108	205-209	-1.0454495072970964
2108	210-214	-0.9020265291297953
2108	215-219	-1.0744863981881743
2108	220-224	-1.1055636248727012
2108	225-229	-0.9241268378392853
2108	230-234	-0.7871415223319254
2108	235-239	-1.042182580930369
2108	240-244	-0.7574161556589196
2108	245-249	-0.7324354994961517
2108	250-251	-0.8311700627751684
2109	1	-0.21928108885326836
2109	2	-0.1677741235771073
2109	3	-0.14425068523886608
2109	4	-0.11631840955289618
2109	5	0.053315098385411375
2109	6	-0.027039595536756167
2109	7	0.043273010125588485
2109	8	-0.180712874500216
2109	9	-0.0920421087561536
2109	10-14	-0.06472304427817477
2109	15-19	-0.06334069499491335
2109	20-24	0.02473964759116143
2109	25-29	-0.0041783031815398886
2109	30-34	-0.10320272268671715
2109	35-39	-0.004892365814697541
2109	40-44	0.04746037330072994
2109	45-49	-0.03501262905639635
2109	50-54	0.13841315446010327
2109	55-59	-0.0947519743654297
2109	60-64	-0.02967360620048254
2109	65-69	0.018385833000266416
2109	70-74	-0.05048426550514762
2109	75-79	-0.11462784726464292
2109	80-84	-0.005941066881575807
2109	85-89	0.08221928637890841
2109	90-94	0.10606617220032177
2109	95-99	0.10472745285862572
2109	100-104	0.035678194311103084
2109	105-109	0.15682946199463998
2109	110-114	0.06008542874104705
2109	115-119	0.002180228537206119
2109	120-124	-0.1072142390292612
2109	125-129	0.007669999442214248
2109	130-134	-0.024275953192429256
2109	135-139	-0.034256677933235835
2109	140-144	-0.14558763902297756
2109	145-149	-0.03679200295082552
2109	150-154	-0.33680178451386666
2109	155-159	0.05049264675166398
2109	160-164	-0.038931282627345354
2109	165-169	-0.06361489004031995
2109	170-174	-0.404364866910484
2109	175-179	-0.5366294811038905
2109	180-184	-0.3256845274463309
2109	185-189	-0.17481863382538165
2109	190-194	-0.5887052342083692
2109	195-199	-0.6062171866107953
2109	200-204	-1.3587475970693355
2109	205-209	-0.8598483408517303
2109	210-214	-0.45717879145017903
2109	215-219	-0.5380751100977363
2109	220-224	-0.4918447981588301
2109	225-229	-0.4635855479522242
2109	230-234	-0.6889325394662542
2109	235-239	-0.6697155880945509
2109	240-244	-0.5331981860573798
2109	245-249	-0.23434652179710014
2109	250-251	-0.5537005910787443
2110	1	-0.05058170282086394
2110	2	-0.016454916838583244
2110	3	-0.24725892337074384
2110	4	-0.1461798888966399
2110	5	-0.05243940934616376
2110	6	0.03179975525061707
2110	7	0.00122649660860219
2110	8	-0.12441152720124649
2110	9	-0.07040567414561849
2110	10-14	-0.1761025872660582
2110	15-19	-0.16120812222023773
2110	20-24	-0.11513304608165242
2110	25-29	-0.06619643113318574
2110	30-34	-0.2633147757212342
2110	35-39	-0.12076542275049462
2110	40-44	-0.098504267409524
2110	45-49	-0.14557202277018177
2110	50-54	0.012506020589114542
2110	55-59	-0.04773449503313998
2110	60-64	-0.10831950636531928
2110	65-69	-0.0902395277085617
2110	70-74	-0.17443016434503988
2110	75-79	-0.08937485179656335
2110	80-84	-0.08358417226981629
2110	85-89	-0.011496493328372992
2110	90-94	-0.033591418001542195
2110	95-99	-0.08958935598448647
2110	100-104	-0.014153238123576273
2110	105-109	-0.040497840956682296
2110	110-114	-0.0700199731481419
2110	115-119	-0.2039933206139679
2110	120-124	-0.11234017793461959
2110	125-129	-0.005530590410707248
2110	130-134	-0.18275739106151434
2110	135-139	-0.1785145837873685
2110	140-144	-0.25131077367947086
2110	145-149	-0.1955391155367252
2110	150-154	-0.54459782399978
2110	155-159	-0.10775567157470078
2110	160-164	-0.27263988319090515
2110	165-169	-0.34337377969922045
2110	170-174	-0.4858856374759952
2110	175-179	-0.697379615802344
2110	180-184	-0.6384575715630021
2110	185-189	-0.24076449985361492
2110	190-194	-0.6168716982286995
2110	195-199	-0.6098369859135104
2110	200-204	-0.23527717227727507
2110	205-209	-0.5334998415170737
2110	210-214	-0.5642894065599826
2110	215-219	-0.33862060367433955
2110	220-224	-0.5313217962261731
2110	225-229	-0.35337087461433825
2110	230-234	-0.5190986505138859
2110	235-239	-0.5016431409753643
2110	240-244	-0.6330006421790344
2110	245-249	-0.21271253413677016
2110	250-251	-0.6309001172829198
2111	1	0.19826836699713724
2111	2	0.23185105407679174
2111	3	0.13547636147488618
2111	4	0.05320769322013774
2111	5	0.09880773002365117
2111	6	0.12167818925602347
2111	7	0.0513621806478497
2111	8	-0.0857086429955558
2111	9	0.08481068897703636
2111	10-14	-0.1628664934037758
2111	15-19	-0.13703343276724667
2111	20-24	-0.001328432915173039
2111	25-29	-0.013385386715853542
2111	30-34	-0.041737079688005
2111	35-39	-0.11836356179243523
2111	40-44	-0.06152804871283735
2111	45-49	0.0060638604472984525
2111	50-54	0.08666689480597967
2111	55-59	-0.011347587044006957
2111	60-64	-0.05828948213367369
2111	65-69	0.01738321960230138
2111	70-74	0.1448159595780112
2111	75-79	0.1885956269555038
2111	80-84	0.18536272983075008
2111	85-89	0.05686829422975137
2111	90-94	0.2101278145436325
2111	95-99	0.1139981800337182
2111	100-104	0.23140829043644118
2111	105-109	0.2205081021853914
2111	110-114	0.2229942328065846
2111	115-119	0.1856588124514431
2111	120-124	0.09887577797955771
2111	125-129	0.3483221766798792
2111	130-134	0.14749357429913346
2111	135-139	0.1202016680178275
2111	140-144	0.2503054118539936
2111	145-149	0.06679724617566052
2111	150-154	0.16986142689658124
2111	155-159	0.2841809602918062
2111	160-164	0.2056376348305946
2111	165-169	0.18781415935036705
2111	170-174	0.2208568481735469
2111	175-179	0.138850155460581
2111	180-184	0.45248499672981524
2111	185-189	0.35894789121929804
2111	190-194	0.3519765594692075
2111	195-199	0.2828102872846969
2111	200-204	0.3885905082837411
2111	205-209	0.0913997981195962
2111	210-214	0.12197870503784003
2111	215-219	0.1465534383075635
2111	220-224	0.05241134412248627
2111	225-229	0.0012137993779433032
2111	230-234	0.0776067276044472
2111	235-239	-0.2167362167497231
2111	240-244	9.730529322808934E-4
2111	245-249	0.18650899574794977
2111	250-251	0.06878495070431612
2112	1	0.2055001539899557
2112	2	0.21532325072220004
2112	3	0.19876971482252515
2112	4	0.06462058568474305
2112	5	0.12839510605297022
2112	6	0.06294551946898252
2112	7	0.21304529540367412
2112	8	-0.04836606269735455
2112	9	0.1644633407678242
2112	10-14	0.036757800760888415
2112	15-19	0.11989861263217705
2112	20-24	0.11212200750062351
2112	25-29	0.08091145581506964
2112	30-34	0.07614480119811873
2112	35-39	0.037831812095397765
2112	40-44	0.12846419219960126
2112	45-49	0.218342135869392
2112	50-54	0.27440705345587446
2112	55-59	0.18366721088442262
2112	60-64	0.21537311221714361
2112	65-69	0.1557143301174051
2112	70-74	0.13207000727285134
2112	75-79	-0.0696415911774011
2112	80-84	-0.002371618136400855
2112	85-89	-0.315256883749349
2112	90-94	-0.10348595510546232
2112	95-99	-0.2250080904061491
2112	100-104	-0.34428460380627257
2112	105-109	-0.2240852948508234
2112	110-114	-0.42383512288381553
2112	115-119	-0.30598277053007905
2112	120-124	-0.5831523938577519
2112	125-129	-0.22403866684692275
2112	130-134	-0.5902472673839299
2112	135-139	-0.5840441361182585
2112	140-144	-0.4845482816050506
2112	145-149	-0.4589585128818996
2112	150-154	-0.3765235264805895
2112	155-159	-0.573039617930192
2112	160-164	-0.4787899515541838
2112	165-169	-0.38406837956647877
2112	170-174	-0.3856411812268803
2112	175-179	-0.29360732174225745
2112	180-184	-0.27483301692577555
2112	185-189	-0.2760242706156255
2112	190-194	-0.6863344452353566
2112	195-199	-1.092267658926854
2112	200-204	-0.6262684867865786
2112	205-209	-0.5994527374057093
2112	210-214	-0.9755606909906831
2112	215-219	-1.1413597227786454
2112	220-224	-1.102112299171484
2112	225-229	-0.913836636877722
2112	230-234	-0.9599608935363371
2112	235-239	-1.4813344399748942
2112	240-244	-1.2095323058725285
2112	245-249	-0.956627588732669
2112	250-251	-0.9893809571780636
2113	1	0.19658263249828778
2113	2	0.25435907596425267
2113	3	0.07948006443041322
2113	4	0.11146926361463727
2113	5	0.24689635099987584
2113	6	0.1719066206911961
2113	7	0.3487784725097143
2113	8	0.3622883907625791
2113	9	0.24011723439060262
2113	10-14	0.13104675613876537
2113	15-19	0.021775635665591153
2113	20-24	0.0692174397140306
2113	25-29	-0.023624321859955444
2113	30-34	0.15303107621002
2113	35-39	0.05998655115608642
2113	40-44	0.07294047695246064
2113	45-49	0.20951324966620888
2113	50-54	0.2255693894039723
2113	55-59	0.06403868682642866
2113	60-64	0.23473225522967311
2113	65-69	0.17970707056488777
2113	70-74	0.1960624016542667
2113	75-79	-0.06299724807536933
2113	80-84	0.08539874608213438
2113	85-89	-0.08981475045765563
2113	90-94	0.030648644558112892
2113	95-99	-0.08978334063830573
2113	100-104	0.019496287452319905
2113	105-109	-0.07720980163450974
2113	110-114	-0.08611864136943126
2113	115-119	-0.1035028699969871
2113	120-124	-0.032733582206773804
2113	125-129	0.16738166720728032
2113	130-134	-0.03116513656159725
2113	135-139	-0.20409127508939662
2113	140-144	0.07827579458133727
2113	145-149	0.08101074048578738
2113	150-154	0.1916678150511686
2113	155-159	0.0586736568628794
2113	160-164	-4.098296100778498E-4
2113	165-169	-0.04778898363883144
2113	170-174	-0.05697021095551236
2113	175-179	0.041268461677816504
2113	180-184	-0.027944111210146616
2113	185-189	-0.07775725157448576
2113	190-194	-0.5125972712803915
2113	195-199	-0.801008575068753
2113	200-204	-0.30148480689690516
2113	205-209	-0.40720567377837114
2113	210-214	-0.6464977966009471
2113	215-219	-1.0625830833722105
2113	220-224	-0.7732785445685053
2113	225-229	-0.40103392122215453
2113	230-234	-0.6206751231880006
2113	235-239	-0.8798040688144155
2113	240-244	-0.7733349456089726
2113	245-249	-0.5192713379611575
2113	250-251	-0.5608069621765246
2114	1	0.03429342226925769
2114	2	0.23909499546383017
2114	3	-0.08799300060918824
2114	4	0.05890226706517865
2114	5	0.15112660057496896
2114	6	0.07144121737924536
2114	7	-0.17065754888653828
2114	8	0.2248796825950592
2114	9	0.2043473199469048
2114	10-14	0.06966561132862381
2114	15-19	-0.03287261169113975
2114	20-24	-0.02835982236133816
2114	25-29	-0.18736712399794442
2114	30-34	0.13856171594480315
2114	35-39	0.06538206814988001
2114	40-44	0.07748890587107127
2114	45-49	0.03420293641315908
2114	50-54	0.10810707506981032
2114	55-59	-0.023702491194335096
2114	60-64	-0.023441026260492492
2114	65-69	0.02194983325555455
2114	70-74	0.001001375608971955
2114	75-79	0.06437276360978927
2114	80-84	0.1833542834394919
2114	85-89	-0.09018889520542217
2114	90-94	-0.012999600057419514
2114	95-99	0.108318674227462
2114	100-104	-0.023057378494911518
2114	105-109	-0.03633446674841423
2114	110-114	-0.09717985771656146
2114	115-119	-0.01820666856253439
2114	120-124	-0.02319211313288605
2114	125-129	0.11814452246508012
2114	130-134	0.004938921732872359
2114	135-139	0.09258258404524611
2114	140-144	0.20342873438629994
2114	145-149	0.09054945827694638
2114	150-154	0.09363565070409408
2114	155-159	0.1699811009642005
2114	160-164	0.07278776335141401
2114	165-169	0.01821668962823253
2114	170-174	0.1778860373470934
2114	175-179	0.019121511564932803
2114	180-184	0.017536196584664765
2114	185-189	0.2450286007401452
2114	190-194	0.24335061573703243
2114	195-199	0.10796932550004001
2114	200-204	0.23356674796726296
2114	205-209	0.2505717939425942
2114	210-214	-0.15483917297409633
2114	215-219	-0.14365440077597214
2114	220-224	0.3325755333895941
2114	225-229	0.06209447649607469
2114	230-234	-0.05721306622970346
2114	235-239	0.3317802346813963
2114	240-244	0.2736471722893441
2114	245-249	0.3144735847061284
2114	250-251	-0.004433101905217285
>>END_MODULE
>>Per sequence quality scores	pass
#Quality	Count
2	428.0
3	0.0
4	0.0
5	0.0
6	0.0
7	0.0
8	0.0
9	0.0
10	0.0
11	0.0
12	13.0
13	109.0
14	194.0
15	730.0
16	1895.0
17	3057.0
18	5083.0
19	7115.0
20	9299.0
21	11216.0
22	13236.0
23	15737.0
24	18279.0
25	21115.0
26	24243.0
27	27840.0
28	31722.0
29	36562.0
30	42731.0
31	50044.0
32	60074.0
33	74495.0
34	96756.0
35	136706.0
36	228526.0
37	365694.0
38	79001.0
>>END_MODULE
>>Per base sequence content	fail
#Base	G	A	T	C
1	46.001166384619005	18.438792718469422	11.540744135758944	24.019296761152635
2	19.30623619141635	17.555851313872044	35.00108705871292	28.136825435998684
3	22.147205377708833	22.437405984111315	27.259098975226813	28.15628966295304
4	15.344935481596389	15.943111573355898	34.11146171202933	34.60049123301838
5	17.702310440464437	33.254668476472524	32.1140647769473	16.928956306115733
6	34.148994617590375	32.883232266252996	17.260803013209234	15.706970102947398
7	28.912603417477555	27.015759413340856	20.67372667230762	23.397910496873973
8	28.688654632632915	30.50720102947398	17.525957199266674	23.27818713862643
9	25.535670215766466	13.85706059324026	18.38847952804024	42.218789662953036
10-14	28.63602042495182	19.11727894514173	23.275836741409297	28.970863888497156
15-19	28.35404620880929	22.921264631222677	21.329237766182484	27.395451393785546
20-24	27.992261317162598	22.084567291872325	22.041217153198893	27.88195423776618
25-29	28.176885018568136	21.93702110656701	21.87200324354816	28.01409063131669
30-34	28.198038593522305	21.889807502467917	21.831973040943918	28.080180863065856
35-39	28.13258226442369	22.015079270271816	21.881207511218058	27.971130954086437
40-44	28.195379264627945	21.897687750092786	21.813561286004095	28.093371699275167
45-49	28.166336666305096	21.85345158105079	21.867566069123903	28.11264568352021
50-54	28.14289086112456	21.89805304998988	21.824784223083764	28.134271865801804
55-59	28.28653086184307	21.77993789562849	21.790616555433083	28.142914687095356
60-64	28.20916835627908	21.84418549360064	21.790019448386463	28.156626701733817
65-69	28.25941061430088	21.88206519641828	21.72088760195211	28.13763658732873
70-74	28.297707180696747	21.778074610975203	21.74559141259125	28.178626795736793
75-79	28.278028683682273	21.777652312470096	21.711674298123658	28.23264470572397
80-84	28.26040984470809	21.816218849173644	21.775409614525	28.14796169159327
85-89	28.31145474222088	21.72068443581648	21.68907334887855	28.278787473084087
90-94	28.27776153437834	21.71741015239289	21.715204626597032	28.289623686631742
95-99	28.281805418333427	21.796770166451832	21.674602862943427	28.246821552271317
100-104	28.354647012466515	21.706347181676218	21.645270694373227	28.293735111484043
105-109	28.312137228687735	21.708040373199406	21.642596259757944	28.337226138354914
110-114	28.333699889702363	21.6997411756252	21.65241706969076	28.31414186498168
115-119	28.390297751145948	21.65938069546208	21.61820305100421	28.33211850238776
120-124	28.378891233407277	21.641293523239828	21.63411436980862	28.345700873544278
125-129	28.30788322852065	21.68484762303394	21.654679519996677	28.352589628448733
130-134	28.40907155310547	21.571051232417716	21.571735604760068	28.44814160971675
135-139	28.37094243462545	21.6119873773705	21.654353798380093	28.362716389623948
140-144	28.385544434976318	21.64110094193973	21.55954877942116	28.413805843662786
145-149	28.43360595133965	21.610466882940337	21.52461250967265	28.431314656047356
150-154	28.39314757742004	21.581243004119894	21.527800618054016	28.497808800406045
155-159	28.416113906962664	21.6041105221625	21.497311887993888	28.482463682880955
160-164	28.412635053170586	21.5068464124537	21.546529211806433	28.533989322569276
165-169	28.43506630660981	21.562185825101864	21.473721689323664	28.529026178964667
170-174	28.35907303089582	21.569922173329147	21.509746750086414	28.56125804568862
175-179	28.48149257436087	21.446891514875972	21.46256343168754	28.609052479075615
180-184	28.428160436741102	21.47140535431466	21.452024012479225	28.64841019646501
185-189	28.463657584455333	21.49867706465426	21.432546325176034	28.605119025714377
190-194	28.489273430546604	21.388709784642472	21.424288601160338	28.69772818365059
195-199	28.468180261658194	21.38558999536648	21.440652664908065	28.70557707806726
200-204	28.466745463221233	21.42773396370577	21.39858644352111	28.706934129551886
205-209	28.501814594736107	21.30660725091786	21.352941895002758	28.838636259343275
210-214	28.505081367298896	21.29909342927245	21.315407340893998	28.880417862534653
215-219	28.459616952278022	21.264290296414416	21.33781312502593	28.93827962628163
220-224	28.524780413674712	21.19303299335514	21.251856133757954	29.030330459212195
225-229	28.549610633727173	21.142078273307174	21.24368410092286	29.06462699204279
230-234	28.470901957310275	21.169953304436113	21.22696452535174	29.132180212901872
235-239	28.53367055928259	21.048373908016725	21.17002362155832	29.24793191114236
240-244	28.52978921602632	20.960911740847127	21.164188951006775	29.345110092119775
245-249	28.705702244155468	21.03922769352689	21.14956233565073	29.105507726666907
250-251	37.08420624362647	25.512232224005178	20.92871623376737	16.47484529860099
>>END_MODULE
>>Per sequence GC content	warn
#GC Content	Count
0	428.0
1	214.0
2	0.0
3	0.0
4	0.0
5	0.0
6	0.0
7	0.0
8	0.0
9	0.0
10	0.0
11	0.5
12	1.3333333333333333
13	2.1666666666666665
14	2.1666666666666665
15	3.3333333333333335
16	2.833333333333333
17	4.5
18	7.166666666666666
19	11.5
20	15.333333333333334
21	26.999999999999993
22	44.83333333333335
23	61.166666666666686
24	96.83333333333327
25	164.16666666666666
26	238.0000000000009
27	335.49999999999926
28	498.83333333332797
29	705.0000000000057
30	982.1666666666891
31	1280.8333333333258
32	1606.6666666666126
33	2026.333333333215
34	2434.4999999999877
35	2766.000000000092
36	3152.666666666879
37	3496.16666666699
38	4264.000000000411
39	4939.99999999998
40	5525.666666666249
41	6169.166666665823
42	7016.333333331879
43	8066.4999999978545
44	9042.66666666561
45	10350.500000000691
46	11926.833333336177
47	13532.000000005066
48	15484.00000000789
49	17766.666666671983
50	20552.333333330887
51	23877.16666665444
52	27335.33333331102
53	30707.16666663399
54	34173.33333330264
55	37407.99999998883
56	40650.50000000839
57	43040.50000002311
58	44005.66666669577
59	43804.33333336112
60	42829.33333335484
61	40841.33333334289
62	37559.999999989355
63	33611.33333329831
64	29150.333333304134
65	24401.999999985437
66	19632.666666666708
67	15160.000000008027
68	11295.500000002163
69	8185.99999999764
70	5832.666666666007
71	4026.0000000005584
72	2685.0000000000823
73	1793.6666666665685
74	1188.83333333334
75	780.1666666666819
76	511.3333333333244
77	345.99999999999847
78	237.5000000000019
79	160.00000000000017
80	110.66666666666622
81	78.16666666666666
82	59.166666666666806
83	41.166666666666686
84	28.666666666666632
85	18.333333333333336
86	14.333333333333341
87	12.666666666666671
88	8.999999999999998
89	7.9999999999999964
90	5.333333333333332
91	4.999999999999999
92	4.999999999999999
93	4.666666666666666
94	4.0
95	3.0
96	2.6666666666666665
97	2.6666666666666665
98	1.9999999999999998
99	1.9999999999999998
100	4.0
>>END_MODULE
>>Per base N content	pass
#Base	N-Count
1	0.031426683310081506
2	0.031426683310081506
3	0.031426683310081506
4	0.031426683310081506
5	0.031426683310081506
6	0.031426683310081506
7	0.031426683310081506
8	0.031426683310081506
9	0.031426683310081506
10-14	0.031426683310081506
15-19	0.031426683310081506
20-24	0.031426683310081506
25-29	0.031426683310081506
30-34	0.031426683310081506
35-39	0.006288388739964106
40-44	0.0
45-49	0.0
50-54	0.0
55-59	0.0
60-64	0.0
65-69	0.0
70-74	0.0
75-79	0.0
80-84	0.0
85-89	0.0
90-94	0.0
95-99	0.0
100-104	0.0
105-109	0.0
110-114	0.0
115-119	0.0
120-124	0.0
125-129	0.0
130-134	0.0
135-139	0.0
140-144	0.0
145-149	0.0
150-154	0.0
155-159	0.0
160-164	0.0
165-169	0.0
170-174	0.0
175-179	0.0
180-184	0.0
185-189	0.0
190-194	0.0
195-199	0.0
200-204	0.0
205-209	0.0
210-214	0.0
215-219	0.0
220-224	0.0
225-229	0.0
230-234	0.0
235-239	0.0
240-244	0.0
245-249	0.0
250-251	0.0
>>END_MODULE
>>Sequence Length Distribution	warn
#Length	Count
35-39	1372.0
40-44	1114.0
45-49	1372.0
50-54	1456.0
55-59	1583.0
60-64	1638.0
65-69	1759.0
70-74	1878.0
75-79	2060.0
80-84	2267.0
85-89	2334.0
90-94	2559.0
95-99	2639.0
100-104	2987.0
105-109	3089.0
110-114	3468.0
115-119	3513.0
120-124	3931.0
125-129	4064.0
130-134	4452.0
135-139	4738.0
140-144	4935.0
145-149	5277.0
150-154	5575.0
155-159	5724.0
160-164	6101.0
165-169	6594.0
170-174	7041.0
175-179	7474.0
180-184	7816.0
185-189	8174.0
190-194	8746.0
195-199	9019.0
200-204	9507.0
205-209	10070.0
210-214	10565.0
215-219	11015.0
220-224	11467.0
225-229	11778.0
230-234	12196.0
235-239	13035.0
240-244	13140.0
245-249	87845.0
250-252	1034533.0
>>END_MODULE
>>Sequence Duplication Levels	pass
#Total Deduplicated Percentage	77.07990603164892
#Duplication Level	Percentage of deduplicated	Percentage of total
1	81.14296245355327	62.54491921049502
2	12.975996613761556	20.003771993114704
3	3.581237566582976	8.281243653276803
4	1.263404859319986	3.8953251134525253
5	0.49746944667216125	1.9172449101553284
6	0.2225836567997129	1.0294036410181597
7	0.11947787552744342	0.6446540392961467
8	0.06446185450231227	0.3974970950131244
9	0.03567892980169188	0.24751157007817876
>10	0.09643987382135889	0.9976200457650319
>50	1.9158103063495615E-4	0.00937281997081132
>100	9.528862684182178E-5	0.03143590836420861
>500	0.0	0.0
>1k	0.0	0.0
>5k	0.0	0.0
>10k+	0.0	0.0
>>END_MODULE
>>Overrepresented sequences	pass
>>END_MODULE
>>Adapter Content	pass
#Position	Illumina Universal Adapter	Illumina Small RNA 3' Adapter	Illumina Small RNA 5' Adapter	Nextera Transposase Sequence	SOLID Small RNA Adapter
1	0.0	0.0	0.0	0.0	0.0
2	0.0	0.0	0.0	0.0	0.0
3	0.0	0.0	0.0	0.0	0.0
4	0.0	0.0	0.0	0.0	0.0
5	0.0	0.0	0.0	7.342683016374182E-5	0.0
6	7.342683016374182E-5	0.0	0.0	7.342683016374182E-5	0.0
7	7.342683016374182E-5	0.0	0.0	1.4685366032748365E-4	0.0
8	7.342683016374182E-5	0.0	0.0	1.4685366032748365E-4	0.0
9	7.342683016374182E-5	0.0	0.0	1.4685366032748365E-4	0.0
10-14	1.1748292826198691E-4	4.4056098098245096E-5	0.0	2.202804904912255E-4	0.0
15-19	2.79021954622219E-4	7.342683016374182E-5	0.0	2.6433658858947056E-4	0.0
20-24	4.993024451134444E-4	1.1748292826198691E-4	0.0	3.083926866877157E-4	0.0
25-29	5.139878111461928E-4	3.5244878478596077E-4	2.937073206549673E-5	3.6713415081870916E-4	0.0
30-34	6.314707394081798E-4	6.608414714736765E-4	7.342683016374182E-5	4.6993171304794766E-4	0.0
35-39	6.608414714736765E-4	6.608414714736765E-4	1.3216829429473528E-4	6.608414714736765E-4	0.0
40-44	7.342683016374183E-4	6.608414714736765E-4	1.4685366032748365E-4	6.608414714736765E-4	0.0
45-49	8.076951318011602E-4	6.608414714736765E-4	1.4685366032748365E-4	7.63639033702915E-4	0.0
50-54	8.664365959321537E-4	6.608414714736765E-4	1.4685366032748365E-4	8.958073279976504E-4	0.0
55-59	8.81121961964902E-4	6.608414714736765E-4	1.4685366032748365E-4	9.98604890226889E-4	0.0
60-64	8.81121961964902E-4	6.608414714736765E-4	1.4685366032748365E-4	0.0010279756222923856	0.0
65-69	9.692341581613922E-4	6.608414714736765E-4	1.4685366032748365E-4	0.0011601439165871209	0.0
70-74	0.0011014024524561275	6.608414714736765E-4	1.4685366032748365E-4	0.001306997576914605	0.0
75-79	0.0011014024524561275	6.608414714736765E-4	1.4685366032748365E-4	0.0015272780674058302	0.0
80-84	0.0012482561127836111	7.1958293560467E-4	1.4685366032748365E-4	0.0016741317277333139	0.0
85-89	0.001277626844849108	7.342683016374183E-4	1.4685366032748365E-4	0.0019237829502900359	0.0
90-94	0.001321682942947353	8.076951318011602E-4	1.4685366032748365E-4	0.0022762317350759967	0.0
95-99	0.0013510536750128495	8.076951318011602E-4	1.4685366032748365E-4	0.002643365885894706	0.0
100-104	0.00143916587120934	8.664365959321537E-4	1.4685366032748365E-4	0.002819590278287686	0.0
105-109	0.0014979073353403333	8.81121961964902E-4	1.4685366032748365E-4	0.0032454658932373885	0.0
110-114	0.0015419634334385784	8.81121961964902E-4	1.4685366032748365E-4	0.0037741390704163305	0.0
115-119	0.0015419634334385784	8.81121961964902E-4	1.4685366032748365E-4	0.004126587855202291	0.0
120-124	0.0015566487994713267	8.81121961964902E-4	1.4685366032748365E-4	0.004567148836184742	0.0
125-129	0.0016153902636023205	8.81121961964902E-4	1.4685366032748365E-4	0.005095822013363683	0.0
130-134	0.0016153902636023205	8.81121961964902E-4	1.4685366032748365E-4	0.005639180556575372	0.0
135-139	0.0016153902636023205	9.251780600631471E-4	1.4685366032748365E-4	0.006153168367721566	0.0
140-144	0.0016153902636023205	0.001042660988325134	1.4685366032748365E-4	0.006858065937293487	0.0
145-149	0.0016153902636023205	0.0011601439165871206	1.4685366032748365E-4	0.007709817167192892	0.0
150-154	0.0016153902636023205	0.0011748292826198692	1.4685366032748365E-4	0.00864968059328879	0.0
155-159	0.0016153902636023205	0.0012923122108818564	1.4685366032748365E-4	0.009604229385417431	0.0
160-164	0.0016153902636023205	0.0013510536750128495	1.4685366032748365E-4	0.010617519641677068	0.0
165-169	0.0016153902636023205	0.0013951097731110947	1.4685366032748365E-4	0.011733607460165944	0.0
170-174	0.0016153902636023205	0.001409795139143843	1.4685366032748365E-4	0.012820324546589323	0.0
175-179	0.0016741317277333139	0.001571334165504075	1.4685366032748365E-4	0.014347602613995153	0.0
180-184	0.0017035024597988105	0.0016153902636023205	1.4685366032748365E-4	0.016036419707761214	0.0
185-189	0.001762243923929804	0.0016300756296350686	1.4685366032748365E-4	0.018121741684411483	0.0
190-194	0.0018063000220280487	0.0016888170937660624	1.4685366032748365E-4	0.020867905132535426	0.0
195-199	0.0019090975842572875	0.001835670754093546	1.4685366032748365E-4	0.024245539320067556	0.0
200-204	0.0019825244144210294	0.002011895146486526	1.4685366032748365E-4	0.027006388134224246	0.0
205-209	0.0019825244144210294	0.002055951244584771	1.4685366032748365E-4	0.03127982964975402	1.4685366032748364E-5
210-214	0.0019825244144210294	0.002055951244584771	1.4685366032748365E-4	0.03614068580659373	7.342683016374182E-5
215-219	0.002011895146486526	0.002085321976650268	1.4685366032748365E-4	0.04242602246861003	7.342683016374182E-5
220-224	0.00215874880681401	0.0021293780747485133	1.4685366032748365E-4	0.04915192011160878	7.342683016374182E-5
225-229	0.002202804904912255	0.0021881195388795066	1.4685366032748365E-4	0.05618621044129525	7.342683016374182E-5
230-234	0.002202804904912255	0.002202804904912255	1.4685366032748365E-4	0.06433658858947058	7.342683016374182E-5
235-239	0.002202804904912255	0.002202804904912255	1.4685366032748365E-4	0.07285410088846464	7.342683016374182E-5
240	0.002202804904912255	0.002202804904912255	1.4685366032748365E-4	0.0737205374843968	7.342683016374182E-5
>>END_MODULE
