NZ_CP006659.2
15980 21066
120623 125597
142014 143036
214496 217486
257491 259075
563711 564480
565000 565102
582636 604568
648875 653225
653733 653908
923903 925544
1021215 1026323
1088861 1089282
1340211 1342157
1343415 1345208
1456680 1457799
1469989 1470064
1509902 1510018
1596567 1596716
1786855 1788490
1789355 1789405
1881548 1881722
1966126 1971434
1971768 1972536
1981100 1981466
1981857 1994669
2039058 2039240
2042062 2042425
2191844 2193025
2296704 2297537
2300126 2302514
2304262 2305918
2385232 2387141
2401404 2401484
2402445 2402760
2584734 2584908
2729606 2732302
2743968 2746526
2804527 2806497
2851670 2859886
2868956 2875755
2880696 2882213
2921802 2922157
2932979 2934025
3008201 3008608
3064077 3067372
3106825 3107555
3253319 3253492
3487709 3487791
3542030 3544058
3544817 3579909
3580519 3634969
3706488 3707455
3717847 3718043
3971868 3974032
3974125 3974561
3974959 3975186
3980635 3992045
3992379 3992582
3992777 4000111
4000436 4000580
4001328 4003302
4004768 4006779
4007602 4008142
4097302 4100333
4100872 4102353
4129510 4166076
4658739 4658900
4791725 4791957
4941839 4946696
4973037 4973767
5079810 5079933
5177718 5178917
5179064 5179230
5346936 5348164
5406203 5409481
NZ_CP006663.1
11891 14507
17617 22051
22559 23611
23988 25236
26337 29019
36160 48255
49209 56475
92097 94175
115523 117161
NZ_CP006662.2
1 6629
7050 8123
13354 14148
14297 18826
21818 25602
26731 38503
40391 40845
43811 44350
58160 69622
71268 82479
84281 85020
NZ_CP006660.1
1 2014
NZ_CP006661.1
1 113736
115091 137589
