Klebsiella_pneumoniae_MGH_43_NZ_KK036953.1
1 1690
305930 306052
315949 323807
323921 324553
358480 372113
379589 404637
406038 406731
413040 413133
414106 469798
543158 547345
590631 590774
608905 613810
632811 634085
645597 645822
740006 740684
750720 751410
755769 756420
763428 763967
766933 767387
767528 767586
770535 776005
784080 784760
790496 792164
794303 799179
799516 802199
802300 802559
819327 821405
852456 853283
883692 883835
926777 927290
1028928 1029760
1030299 1033471
1132909 1133228
1134913 1137221
1137729 1137889
1154305 1155327
1224517 1229704
1269709 1274770
1310123 1310950
1315102 1330542
1339804 1341779
1349528 1350355
1444612 1445133
1542792 1543162
1649197 1649927
1676267 1681911
2036392 2036812
2167740 2190213
2273039 2286297
2418652 2428591
2433826 2435977
2442167 2456245
2457634 2458589
2485756 2487237
2577522 2584381
2669944 2670370
2693595 2745231
2745467 2770960
2951243 2951361
3019951 3020048
3027402 3042555
3071697 3072831
3109231 3109294
3113955 3114067
3248504 3249615
3281166 3288425
3486270 3487000
3526458 3529753
3584841 3585230
3659776 3661241
3672065 3672182
3672283 3672365
3717764 3724563
3733623 3741838
3764676 3764774
3786539 3787629
3793026 3793095
3855074 3863462
3906593 3906713
3945210 3947711
4000747 4000921
4179661 4179837
4180459 4181063
4184144 4184355
4185167 4185793
4192799 4193041
4193627 4194011
4330889 4332287
4407500 4417308
4482399 4484468
4487560 4487862
4530193 4530451
4537915 4552149
4552503 4555265
4555857 4556497
4557904 4559480
4637176 4637350
4710753 4710959
4798603 4800050
4800642 4808113
4827587 4836818
4902118 4902267
4971985 4973432
4990144 4990377
5030335 5031055
5068164 5068222
5083312 5084095
5090863 5093012
5117042 5117182
5142475 5144528
5319761 5319884
5352240 5352695
5359769 5420373
5444054 5447116
