Klebsiella_pneumoniae_subsp._pneumoniae_NZ_CP047675.1
1 15736
16693 17525
120516 120835
122520 125492
141909 142931
212108 217467
222198 222928
257472 259056
259595 262632
276071 277019
384201 384818
396182 396301
396515 419951
489685 489788
500317 500443
513749 513947
530686 530761
547145 547301
547536 565757
565968 652999
659490 660003
680695 685732
741939 742057
765450 917769
938517 938852
975021 976468
1035940 1040369
1040877 1041033
1096647 1108846
1142651 1142775
1293762 1293916
1311376 1333118
1338007 1340025
1391821 1392030
1392416 1392533
1415984 1416042
1443653 1451013
1460402 1462376
1489009 1489629
1588750 1588899
1673660 1681131
1750010 1750089
1769644 1769850
1843204 1843378
1927824 1947389
1989767 1990203
2058548 2068356
2077316 2078087
2088807 2101817
2101938 2103593
2103735 2110245
2110486 2145363
2318689 2324691
2329278 2345286
2349804 2371521
2374821 2377828
2549034 2570132
2602193 2604694
2686286 2686897
2749008 2750098
2771805 2772269
2795107 2801020
2810077 2816876
2862301 2862655
2942031 2942438
2979093 2981167
2992042 2992339
3026195 3031668
3031819 3032678
3044077 3056589
3190896 3191072
3246663 3251257
3252127 3253230
3285480 3286600
3420990 3421095
3438719 3460983
3462897 3497096
3505056 3505180
3540896 3543364
3543869 3600588
3619508 3624287
3653274 3656445
3657950 3715143
3726389 3733231
3754753 3754871
3790582 3790778
3957326 3957377
4129718 4134967
4170803 4193409
4523501 4523702
4529514 4529933
4579012 4579471
4595902 4599585
4608967 4609110
4742054 4742283
4840780 4849394
4884016 4889664
4989798 4989873
5007220 5007578
5021832 5021954
5055575 5056058
5120240 5121638
5166979 5167268
5206711 5207944
5246338 5246481
5251456 5254559
5292396 5377974
Klebsiella_pneumoniae_subsp._pneumoniae_NZ_CP047676.1
1 31778
32365 65925
66305 74191
74529 90717
111715 148367
149425 229024
