Gene	Total_alleles	Valid_alleles	Number_representatives
AEJV01_03887	2	2	1
b0004	1217	1046	1
b0009	549	543	1
b0011	827	793	1
b0020	585	568	1
b0023	141	139	1
b0025	879	873	1
b0031	1072	1057	2
b0033	2310	2180	1
b0042	1030	1014	1
b0048	711	696	1
b0053	1118	1051	1
b0059	2189	2183	1
b0066	787	769	1
b0072	1338	1322	1
b0077	1649	1615	1
b0085	1463	1461	2
b0090	971	882	1
b0093	704	699	1
b0096	895	891	1
b0104	937	916	1
b0109	858	851	1
b0114	1907	1902	1
b0120	693	675	1
b0123	1443	1426	1
b0133	968	902	1
b0145	312	309	1
b0147	584	578	1
b0151	917	912	1
b0153	1972	1945	1
b0162	1285	1137	1
b0169	435	434	1
b0171	528	509	1
b0174	494	438	1
b0177	1424	1418	1
b0184	2325	2314	1
b0198	730	727	1
b0211	1107	1100	1
b0221	1920	1898	1
b0241	1169	1150	1
b0367	1120	1084	1
b0376	1065	1040	1
b0382	245	238	2
b0383	1411	1350	1
b0397	2358	2337	3
b0404	559	533	1
b0407	276	273	1
b0408	1452	1450	1
b0417	988	870	1
b0422	244	244	1
b0423	1366	1358	1
b0430	642	627	2
b0435	242	233	1
b0436	1228	1123	1
b0443	474	397	1
b0445	1665	1554	1
b0452	905	868	1
b0454	433	394	1
b0458	418	406	2
b0462	2197	2149	1
b0471	366	365	2
b0473	1661	1574	1
b0482	827	809	1
b0487	430	393	1
b0489	809	731	1
b0493	933	886	1
b0503	1000	975	1
b0523	541	536	1
b0526	1318	1316	1
b0592	973	904	1
b0597	570	558	1
b0600	1300	1250	1
b0612	1161	1138	1
b0624	457	451	1
b0630	581	569	2
b0634	947	943	1
b0637	315	311	1
b0639	592	565	1
b0643	595	586	1
b0654	970	928	1
b0659	570	511	1
b0661	1360	1242	1
b0677	1043	1040	1
b0680	1492	1293	1
b0695	2431	2388	1
b0709	1565	1410	1
b0715	1128	1091	1
b0728	1219	1217	1
b0735	332	323	3
b0736	353	346	1
b0738	367	366	2
b0741	358	353	2
b0751	757	734	1
b0758	1136	1060	1
b0761	821	819	1
b0765	1127	1118	1
b0775	1170	1078	1
b0779	1649	1637	1
b0790	762	746	1
b0794	1664	1529	1
b0801	1040	1006	1
b0808	1779	1727	1
b0817	412	349	1
b0822	837	822	1
b0827	1309	1304	1
b0830	1572	1441	1
b0841	633	622	2
b0843	280	262	4
b0846	738	606	1
b0849	303	250	1
b0852	1056	1044	1
b0857	1145	1122	1
b0863	727	723	1
b0867	927	894	1
b0871	1733	1710	1
b0877	708	700	1
b0880	152	144	1
b0881	277	268	1
b0886	1604	1603	1
b0890	477	476	1
b0894	2058	1966	1
b0906	691	677	1
b0909	727	699	1
b0911	1235	1230	1
b0917	277	275	1
b0920	956	927	1
b0925	1578	1531	1
b0930	1194	1177	1
b0936	1037	980	1
b0946	596	584	1
b0950	1042	980	1
b0952	638	630	1
b0955	1424	1392	1
b0965	556	541	1
b0969	405	393	1
b0972	1081	1040	1
b0976	445	434	1
b0996	1069	1045	1
b1033	1044	980	1
b1045	604	576	1
b1048	1381	1311	1
b1056	673	633	1
b1060	205	201	1
b1063	601	591	1
b1066	567	550	1
b1070	495	481	3
b1073	473	458	1
b1075	879	848	1
b1079	772	753	1
b1083	1023	982	1
b1087	629	605	1
b1089	144	141	2
b1090	798	773	1
b1093	624	618	1
b1098	658	654	1
b1100	827	787	1
b1107	947	928	1
b1112	322	313	1
b1114	2738	2728	1
b1128	1258	1229	1
b1133	1071	1026	1
b1176	543	540	1
b1181	400	352	1
b1186	1270	1145	1
b1191	1497	1298	1
b1207	690	690	1
b1210	1128	1028	1
b1215	862	853	1
b1220	1265	1211	1
b1226	794	786	1
b1234	821	802	1
b1238	467	448	1
b1243	1465	1431	1
b1249	1236	1224	1
b1255	815	799	3
b1262	1515	1437	1
b1267	737	731	1
b1271	910	894	1
b1276	2295	2229	1
b1284	637	630	1
b1290	803	714	1
b1293	1058	1055	2
b1306	442	440	2
b1321	1589	1569	1
b1332	249	225	1
b1333	975	907	1
b1342	974	963	1
b1378	2898	2840	1
b1424	1555	1512	1
b1445	208	195	1
b1446	328	323	1
b1473	1057	1010	1
b1492	1090	1077	1
b1529	820	770	1
b1532	294	282	3
b1538	1936	1885	1
b1596	1336	1186	1
b1605	1391	1373	1
b1608	811	735	1
b1613	1206	1182	1
b1622	1215	1197	1
b1625	242	234	1
b1627	725	720	1
b1632	747	729	1
b1637	1136	1132	1
b1643	324	303	2
b1647	1038	1018	1
b1652	652	578	1
b1656	686	620	1
b1660	1157	1132	1
b1664	1311	1292	1
b1680	1475	1422	2
b1684	486	421	2
b1686	561	555	1
b1693	803	793	1
b1703	886	879	1
b1705	263	242	1
b1706	1702	1676	1
b1715	45	40	5
b1716	295	287	2
b1717	193	189	1
b1719	1613	1604	1
b1728	581	552	1
b1731	214	188	1
b1738	380	368	1
b1740	859	847	1
b1746	1644	1599	1
b1752	779	749	1
b1759	568	487	1
b1765	748	742	1
b1767	1072	1053	1
b1779	849	844	1
b1787	596	571	1
b1804	1085	1070	1
b1808	1914	1890	1
b1818	693	676	1
b1821	682	667	1
b1830	1711	1700	1
b1837	250	248	1
b1839	419	390	1
b1841	414	407	3
b1843	710	674	1
b1847	341	331	3
b1849	1122	1112	1
b1854	1379	1371	1
b1858	836	757	1
b1861	714	707	1
b1866	1377	1372	1
b1876	1589	1576	1
b1906	340	330	2
b1912	661	652	1
b1915	190	186	2
b1917	1164	1151	1
b1922	889	835	1
b1929	1400	1365	1
b1960	730	680	1
b1969	700	682	1
b1973	802	784	1
b1987	1283	1226	1
b2066	635	632	1
b2079	859	846	1
b2080	405	395	2
b2081	1418	1327	1
b2100	1206	1173	1
b2107	361	346	2
b2125	775	773	1
b2129	1163	1003	1
b2133	1428	1383	1
b2142	735	728	1
b2147	1148	1127	1
b2152	1411	1370	2
b2159	877	826	1
b2168	904	842	1
b2172	1594	1528	1
b2179	1257	1211	1
b2182	1002	983	1
b2185	242	242	4
b2187	210	210	1
b2188	1499	1490	1
b2199	697	689	1
b2202	538	537	1
b2207	207	201	1
b2208	576	552	1
b2211	1564	1545	1
b2217	664	654	1
b2231	1930	1899	1
b2236	339	337	2
b2239	907	870	1
b2243	1093	1038	1
b2252	676	636	1
b2256	814	782	1
b2258	384	381	1
b2261	1198	1188	2
b2265	1165	1106	1
b2276	1459	1414	1
b2282	951	948	1
b2286	1366	1324	1
b2292	1441	1432	1
b2299	360	360	1
b2300	563	517	1
b2303	382	328	2
b2306	883	864	1
b2311	656	593	2
b2314	684	679	2
b2317	557	548	1
b2320	1294	1118	1
b2325	317	289	2
b2326	696	652	1
b2329	1216	1208	1
b2343	316	313	1
b2346	748	745	1
b2377	253	242	1
b2378	764	753	1
b2384	1166	1110	1
b2390	376	366	3
b2392	1286	1167	1
b2412	539	533	8
b2413	788	743	1
b2421	1007	994	1
b2425	1087	1078	1
b2433	511	498	1
b2438	504	491	2
b2461	576	502	1
b2466	1036	1015	1
b2471	454	444	1
b2472	1087	1086	1
b2475	898	857	1
b2477	1023	1020	1
b2495	471	447	1
b2497	1048	1036	1
b2502	1143	1133	1
b2511	1171	1164	1
b2516	924	916	1
b2522	891	880	1
b2529	446	425	1
b2533	877	873	1
b2543	606	587	1
b2547	1471	1413	1
b2555	723	714	1
b2559	354	351	1
b2560	636	612	1
b2562	406	402	1
b2564	826	825	1
b2568	1040	1036	1
b2573	397	397	1
b2575	742	729	2
b2580	684	676	1
b2585	1108	1104	1
b2593	810	800	1
b2597	219	199	1
b2598	77	73	37
b2599	1060	1052	1
b2605	558	528	1
b2611	769	732	1
b2617	351	262	1
b2620	665	662	1
b2667	339	332	2
b2671	328	291	1
b2675	1849	1811	1
b2685	1239	1191	1
b2696	131	118	1
b2697	1806	1607	1
b2711	1219	1189	1
b2724	631	621	1
b2728	372	369	1
b2730	1051	1048	1
b2743	537	528	1
b2744	780	772	1
b2749	328	321	2
b2751	1496	1487	1
b2777	818	803	1
b2780	1171	1164	1
b2786	1985	1892	1
b2798	782	756	1
b2803	1344	1298	1
b2808	829	803	1
b2818	1136	1018	1
b2822	2380	2238	1
b2830	334	330	1
b2831	623	556	1
b2835	1251	1220	1
b2839	780	744	1
b2842	789	782	1
b2889	621	588	1
b2894	812	809	1
b2898	957	878	1
b2905	1139	1109	1
b2908	1228	1206	1
b2916	796	748	1
b2926	1059	1055	2
b2939	95	93	6
b2940	142	123	1
b2942	1091	1077	1
b2945	722	716	1
b2949	548	522	1
b2952	681	668	1
b2958	812	785	1
b2960	799	794	1
b2966	864	798	3
b2991	351	349	1
b2993	579	579	1
b2996	878	871	1
b3001	1052	1016	1
b3012	872	847	1
b3019	1884	1879	1
b3031	530	424	1
b3035	1145	1137	1
b3041	762	752	1
b3055	620	616	2
b3056	1179	1068	1
b3063	1435	1364	1
b3070	844	826	1
b3075	927	920	1
b3077	466	464	1
b3085	575	550	1
b3087	1016	930	1
b3091	1408	1387	1
b3096	355	351	2
b3099	310	305	2
b3105	1001	975	1
b3118	992	951	1
b3125	916	898	1
b3147	1640	1628	1
b3158	1146	1141	1
b3162	1188	1188	1
b3169	1047	1040	1
b3176	1248	1166	1
b3182	1432	1403	1
b3190	256	254	1
b3192	663	617	1
b3196	922	912	2
b3203	210	204	1
b3205	907	829	1
b3209	718	713	1
b3213	1269	1263	1
b3224	1272	1238	1
b3231	220	218	1
b3232	1148	1035	1
b3237	461	455	1
b3243	1019	982	1
b3248	573	566	1
b3251	838	837	1
b3256	1074	1031	1
b3261	158	156	1
b3262	919	855	1
b3284	485	476	1
b3290	1133	1127	1
b3303	307	249	1
b3307	122	121	1
b3308	242	241	1
b3311	164	164	1
b3315	155	153	1
b3319	381	379	1
b3343	371	368	2
b3346	543	533	1
b3351	732	669	1
b3355	868	854	1
b3360	631	628	1
b3364	945	928	1
b3369	194	183	3
b3384	875	769	1
b3387	511	494	1
b3390	321	301	1
b3392	416	378	2
b3394	629	577	3
b3397	535	530	1
b3400	388	377	1
b3402	1431	1369	1
b3406	470	402	1
b3408	223	217	1
b3409	1610	1588	1
b3425	376	352	1
b3426	1304	1296	1
b3430	1070	1062	1
b3434	556	548	2
b3438	961	947	1
b3450	1069	1054	1
b3455	913	895	1
b3461	742	739	1
b3465	616	612	1
b3469	1808	1791	1
b3477	878	869	1
b3480	787	783	1
b3494	264	262	2
b3495	442	407	1
b3497	813	807	1
b3499	955	952	1
b3507	522	515	1
b3512	399	388	2
b3521	877	861	1
b3524	1749	1698	1
b3531	1027	984	1
b3544	1271	1225	1
b3550	430	416	2
b3553	900	807	1
b3560	758	754	1
b3565	1042	1006	1
b3598	379	367	1
b3600	1063	996	1
b3605	1032	1021	1
b3610	260	229	1
b3612	1236	1231	1
b3620	860	854	1
b3634	414	390	1
b3636	96	96	1
b3639	1293	1274	1
b3648	512	512	1
b3651	742	732	1
b3653	907	799	1
b3663	516	504	2
b3668	1303	1275	1
b3675	336	329	2
b3676	452	448	1
b3686	398	395	1
b3689	1271	1236	1
b3702	940	937	1
b3710	1154	1110	1
b3725	774	773	1
b3729	1693	1687	1
b3737	91	91	1
b3738	512	480	1
b3742	564	478	1
b3745	1500	1384	1
b3750	956	941	1
b3764	243	240	1
b3766	88	84	24
b3770	895	861	1
b3775	392	384	1
b3779	1200	1136	1
b3786	1070	1062	1
b3790	636	634	2
b3792	1168	1162	2
b3804	653	651	1
b3805	851	850	1
b3811	727	719	1
b3820	527	520	1
b3823	688	680	1
b3825	737	728	1
b3829	1667	1559	1
b3842	603	598	2
b3845	1234	1230	1
b3849	1199	1191	1
b3865	525	506	1
b3868	1095	1090	1
b3871	1301	1277	1
b3893	631	629	1
b3910	764	741	1
b3916	892	771	1
b3919	787	673	1
b3922	223	211	1
b3927	650	623	1
b3930	655	648	1
b3935	1786	1778	1
b3943	867	837	1
b3949	1083	1060	1
b3954	841	810	1
b3957	1146	1133	1
b3960	1069	1044	1
b3972	809	805	1
b3982	459	458	1
b3985	280	277	1
b3988	2237	2172	1
b3996	722	708	1
b3999	599	592	1
b4005	1193	1133	1
b4015	1208	1138	1
b4022	1015	1007	1
b4026	327	321	18
b4027	749	734	1
b4035	1025	1017	1
b4039	488	487	1
b4042	382	378	2
b4045	201	190	1
b4046	505	503	1
b4051	1105	1081	1
b4055	844	813	1
b4062	303	271	1
b4067	1385	1372	1
b4071	497	484	1
b4073	929	920	1
b4078	612	597	1
b4081	1924	1786	1
b4115	1083	1066	1
b4124	575	559	1
b4135	595	583	1
b4137	277	267	1
b4140	582	545	5
b4141	1096	1066	1
b4148	443	434	1
b4151	480	475	2
b4154	1162	1156	1
b4162	598	580	1
b4167	1567	1418	1
b4173	1037	981	1
b4179	1805	1794	1
b4192	1077	1037	1
b4197	940	891	1
b4201	329	305	1
b4209	921	886	1
b4214	927	912	1
b4221	3037	3018	1
b4239	1614	1601	1
b4245	1026	998	1
b4260	1539	1529	1
b4324	740	724	1
b4358	1222	1120	1
b4362	659	655	1
b4366	711	662	1
b4373	564	542	1
b4377	1031	1020	1
b4383	1291	1283	1
b4389	1273	1173	1
b4393	335	278	1
b4396	982	966	1
b4401	678	676	1
b4406	154	147	1
b4407	249	248	3
b4409	118	112	2
b4411	136	133	1
b4470	974	960	1
b4473	1019	970	1
b4481	1082	1078	1
b4513	133	128	24
b4522	227	174	1
b4536	233	224	1
b4544	306	304	5
b4551	228	223	1
b4557	159	158	2
b4567	410	391	5
b4663	119	95	1
b4678	53	52	6
b4680	54	50	1
b4686	125	118	9
C_RS24040	310	298	1
ECs4518	638	614	1
EFER_RS06010	573	565	1
NCTC12129_03460	1287	1281	2
b0001	67	65	42
b0005	362	338	5
b0006	873	777	1
b0010	608	599	1
b0014	1645	1636	1
b0028	590	572	1
b0030	1161	1090	1
b0034	372	361	2
b0036	930	914	1
b0040	1482	1406	1
b0044	347	346	1
b0047	1825	1738	1
b0058	751	732	1
b0062	1308	1298	1
b0065	825	818	1
b0071	779	675	1
b0073	1274	1272	1
b0078	585	575	1
b0082	986	984	1
b0087	1059	1058	1
b0089	997	976	1
b0092	931	913	1
b0097	487	486	2
b0102	661	652	1
b0108	493	471	1
b0110	498	496	1
b0111	902	882	1
b0116	1263	1167	1
b0119	474	437	1
b0122	350	349	1
b0125	552	529	1
b0128	840	834	1
b0134	934	928	2
b0144	853	816	1
b0149	1749	1736	1
b0155	1132	1120	1
b0159	694	674	1
b0166	888	881	1
b0170	667	607	1
b0173	946	918	1
b0179	831	827	1
b0183	631	587	1
b0187	437	427	1
b0190	668	631	1
b0194	1299	1289	1
b0209	702	622	1
b0214	465	450	1
b0215	722	631	1
b0224	657	651	1
b0237	1365	1357	1
b0243	1199	1198	1
b0369	885	880	1
b0378	1078	1051	1
b0386	878	870	1
b0393	1001	975	1
b0399	760	732	1
b0402	1104	1088	1
b0406	848	823	1
b0409	966	956	1
b0414	1161	1151	1
b0421	888	888	1
b0425	991	964	1
b0433	1385	1380	1
b0439	1700	1656	1
b0447	629	578	1
b0449	1489	1472	1
b0457	1412	1324	1
b0465	2190	2151	1
b0474	631	630	1
b0478	1469	1437	1
b0486	1135	1106	1
b0492	989	972	1
b0496	2278	2206	2
b0577	966	947	1
b0594	1455	1435	1
b0606	1373	1351	1
b0614	612	591	1
b0616	986	981	1
b0631	218	199	1
b0633	1097	1090	1
b0638	703	677	1
b0642	2021	2011	1
b0660	1030	1009	1
b0675	808	792	1
b0678	846	822	1
b0683	405	393	1
b0684	458	432	1
b0688	1322	1296	1
b0697	1929	1909	1
b0711	830	812	1
b0714	900	880	1
b0722	425	422	2
b0726	2026	2021	1
b0737	548	546	1
b0742	692	629	4
b0755	777	773	1
b0759	963	960	1
b0764	779	756	2
b0767	1074	1072	1
b0776	1159	1098	1
b0780	901	889	1
b0783	557	554	2
b0789	1203	1172	1
b0795	1104	1035	3
b0800	917	907	1
b0804	674	666	1
b0810	693	681	1
b0813	939	919	1
b0819	803	752	1
b0823	2062	2040	1
b0832	1043	1004	1
b0840	731	713	1
b0844	819	791	1
b0847	1150	1128	1
b0856	1051	1014	1
b0859	1088	1021	1
b0866	416	403	1
b0868	947	936	1
b0872	1114	1106	1
b0876	1369	1356	1
b0885	756	738	1
b0888	997	932	1
b0893	1215	1206	1
b0898	998	984	1
b0905	1452	1431	1
b0910	616	601	1
b0916	1235	1162	1
b0921	661	652	1
b0924	2680	2660	1
b0935	1441	1375	1
b0947	1083	1064	1
b0951	1187	1076	1
b0957	491	488	1
b0962	1847	1838	1
b0973	1497	1460	1
b0999	360	356	2
b1002	1254	1197	1
b1036	548	537	1
b1047	1172	1151	1
b1055	1075	917	1
b1059	1198	1149	1
b1067	831	811	1
b1072	748	725	1
b1076	1224	1186	1
b1082	1690	1650	2
b1088	430	429	1
b1092	1117	1075	1
b1097	1080	1070	1
b1104	354	351	1
b1106	880	849	3
b1110	710	677	1
b1115	1110	1055	1
b1118	1163	1158	1
b1124	613	609	1
b1130	706	644	1
b1132	710	703	1
b1135	764	718	1
b1179	240	232	1
b1180	736	723	1
b1187	598	593	1
b1190	1220	1198	1
b1195	361	350	3
b1203	1075	1073	1
b1209	570	568	1
b1212	795	783	1
b1216	1015	985	1
b1221	735	721	1
b1225	1485	1413	1
b1235	969	959	1
b1244	977	973	1
b1246	1010	1005	1
b1251	360	354	1
b1253	338	325	1
b1256	958	933	1
b1263	1620	1607	1
b1269	833	825	1
b1273	270	267	3
b1275	1019	996	1
b1279	327	325	2
b1280	1261	1257	1
b1287	1221	1172	2
b1292	1011	1007	1
b1305	267	267	1
b1307	290	275	3
b1308	367	348	2
b1324	597	503	1
b1325	1148	1105	1
b1334	696	685	1
b1340	738	720	2
b1376	415	404	1
b1380	900	875	1
b1413	3064	3018	1
b1429	1014	947	1
b1476	680	566	1
b1491	1318	1299	1
b1528	1279	1125	1
b1541	148	147	2
b1591	683	662	1
b1594	1413	1380	1
b1598	759	747	1
b1603	1638	1630	1
b1609	1405	1385	1
b1620	1059	1048	1
b1624	1309	1267	1
b1631	763	759	1
b1634	1241	1196	1
b1640	1312	1112	1
b1649	766	758	1
b1655	393	389	2
b1658	928	921	1
b1661	1033	1024	1
b1669	854	836	1
b1679	572	558	1
b1681	1537	1452	1
b1687	2638	2609	1
b1707	927	846	1
b1711	1035	1020	1
b1718	386	343	1
b1722	874	858	1
b1724	377	355	1
b1727	806	783	1
b1736	407	369	1
b1739	281	265	1
b1742	728	688	1
b1747	1269	1228	2
b1751	764	734	1
b1756	753	732	1
b1764	1069	1065	1
b1768	880	857	2
b1780	984	962	1
b1788	131	131	8
b1789	561	550	1
b1806	856	841	2
b1809	493	481	1
b1812	1236	1122	2
b1817	869	810	1
b1822	911	892	1
b1831	593	580	2
b1834	2307	2287	1
b1846	720	703	1
b1850	805	787	1
b1852	1253	1230	1
b1857	914	906	1
b1860	823	793	1
b1865	414	393	1
b1870	830	825	1
b1875	748	714	1
b1901	1043	1006	1
b1905	560	539	1
b1913	1811	1802	1
b1920	1111	1100	1
b1930	389	364	1
b1952	192	173	1
b1953	200	194	2
b1957	223	214	1
b1959	1253	1236	1
b1971	1315	1288	1
b1992	925	913	1
b2065	777	773	1
b2075	3300	3255	1
b2103	1040	1033	1
b2124	515	498	1
b2128	852	838	1
b2131	982	960	1
b2135	783	762	1
b2141	411	408	1
b2143	967	963	1
b2149	1240	1222	1
b2153	678	655	1
b2157	771	756	1
b2160	1048	1021	1
b2169	1236	1163	1
b2175	528	524	2
b2178	1322	1200	1
b2180	1587	1536	1
b2193	590	580	1
b2196	1629	1615	1
b2203	393	392	1
b2206	1787	1773	1
b2213	1184	1131	1
b2225	870	823	1
b2232	793	728	1
b2235	1054	1035	1
b2241	1472	1454	1
b2251	522	497	1
b2254	790	777	1
b2257	1334	1315	1
b2263	976	967	1
b2267	459	428	1
b2272	592	549	1
b2278	1709	1669	1
b2285	513	511	1
b2287	412	410	1
b2288	325	320	1
b2290	1002	874	1
b2294	560	554	2
b2296	933	930	1
b2301	731	699	1
b2304	1049	1040	1
b2312	1380	1374	1
b2318	778	776	1
b2322	1264	1229	2
b2327	812	749	1
b2330	1056	1046	1
b2342	1610	1585	2
b2379	1103	1091	1
b2387	440	421	1
b2389	1412	1365	1
b2400	1224	1058	1
b2415	186	184	1
b2417	444	443	1
b2422	1013	1002	1
b2426	771	765	1
b2432	630	627	3
b2435	798	788	1
b2462	482	476	1
b2467	596	581	1
b2468	1803	1758	1
b2474	1688	1657	1
b2494	1251	1242	1
b2500	733	599	1
b2506	527	505	1
b2507	1437	1415	1
b2514	1037	1032	1
b2518	481	427	1
b2525	422	417	1
b2528	289	288	1
b2531	398	398	1
b2535	1214	1165	2
b2545	1155	1100	1
b2552	1045	1040	1
b2558	1224	1189	1
b2563	429	425	1
b2566	812	782	1
b2569	1369	1282	1
b2578	639	605	1
b2581	915	908	1
b2586	370	351	1
b2592	1658	1648	1
b2600	1020	1016	1
b2606	137	128	1
b2608	499	494	1
b2615	815	813	1
b2618	325	309	1
b2664	771	634	1
b2670	418	404	1
b2676	959	922	1
b2679	931	922	1
b2686	1473	1412	1
b2698	614	595	1
b2701	1036	946	1
b2710	1356	1324	1
b2725	397	377	1
b2726	315	256	1
b2729	1023	1022	1
b2742	963	955	2
b2746	491	458	2
b2748	260	260	1
b2750	608	545	1
b2762	877	867	1
b2765	455	407	1
b2779	1053	957	1
b2784	1542	1512	1
b2793	562	558	2
b2796	1044	1000	1
b2800	572	568	1
b2804	422	410	1
b2806	1174	1098	1
b2817	1107	1091	1
b2821	2047	2021	1
b2826	514	472	6
b2829	1920	1800	1
b2837	813	812	1
b2840	766	730	1
b2844	1227	1141	1
b2895	469	465	1
b2897	270	267	1
b2900	420	411	1
b2903	2346	2331	1
b2912	654	571	1
b2922	626	618	1
b2927	882	824	1
b2937	1048	1030	1
b2944	690	665	1
b2947	836	783	1
b2951	733	659	1
b2955	1324	1229	1
b2963	1187	1172	1
b2990	240	235	1
b2992	533	530	1
b2994	1366	1354	1
b3006	703	690	1
b3011	1193	1181	1
b3023	538	527	1
b3025	746	727	1
b3029	378	375	1
b3032	868	843	1
b3038	1081	1068	1
b3052	1090	1083	1
b3057	853	845	1
b3061	835	791	1
b3065	116	114	2
b3067	1252	1249	1
b3073	1300	1285	1
b3081	1931	1898	1
b3090	531	508	1
b3093	961	918	1
b3095	492	489	1
b3102	1103	1064	1
b3116	1012	973	1
b3124	1136	1102	1
b3149	474	471	1
b3151	1207	1064	1
b3159	996	994	1
b3163	649	620	1
b3167	377	376	2
b3168	1469	1466	1
b3178	1297	1297	1
b3185	182	178	1
b3186	172	172	1
b3187	1002	998	1
b3193	433	431	1
b3195	575	568	1
b3199	432	431	1
b3201	686	684	1
b3207	624	597	1
b3210	1546	1538	1
b3223	743	676	1
b3225	756	746	2
b3229	523	513	1
b3235	1078	1075	1
b3238	270	261	1
b3241	943	910	1
b3247	1171	1166	1
b3253	898	888	1
b3259	1014	941	1
b3263	150	134	1
b3280	263	249	1
b3282	532	530	1
b3288	928	873	1
b3296	280	279	1
b3300	885	879	1
b3313	164	164	2
b3317	395	373	1
b3342	217	211	1
b3345	445	444	1
b3348	215	214	1
b3349	692	690	6
b3354	226	193	1
b3356	441	430	1
b3358	1556	1532	1
b3367	810	779	1
b3385	773	765	1
b3388	1112	1110	4
b3395	878	825	1
b3399	604	533	1
b3401	873	856	1
b3404	1311	1290	1
b3410	309	301	1
b3413	755	709	2
b3415	1038	1031	1
b3428	1667	1659	1
b3432	1570	1539	1
b3448	446	428	6
b3449	822	774	1
b3454	868	799	1
b3459	586	577	1
b3462	1019	1014	1
b3467	419	406	2
b3471	650	642	1
b3474	960	880	1
b3478	892	888	1
b3485	1216	1204	1
b3496	1306	1121	1
b3500	1338	1332	1
b3519	1264	1138	1
b3525	776	738	1
b3528	957	950	1
b3539	859	841	1
b3543	1091	1080	1
b3549	544	531	1
b3552	804	669	1
b3559	1674	1655	2
b3592	619	608	2
b3599	1214	1177	1
b3606	519	501	1
b3608	1039	1036	1
b3616	1178	1156	1
b3630	178	161	1
b3631	866	861	1
b3637	127	127	1
b3640	489	472	1
b3644	1221	1211	1
b3652	1753	1741	1
b3666	1070	1039	1
b3670	305	296	1
b3671	1514	1505	1
b3688	339	323	2
b3698	485	451	1
b3700	1026	955	1
b3703	69	66	2
b3704	261	261	1
b3706	1344	1313	1
b3727	958	938	1
b3731	264	253	1
b3732	988	979	1
b3735	443	442	1
b3740	664	605	1
b3744	978	972	1
b3747	1522	1503	1
b3754	1193	1125	1
b3774	1397	1368	1
b3784	1240	1216	1
b3789	921	914	1
b3794	682	677	1
b3795	1154	1140	2
b3806	1619	1600	1
b3821	711	699	1
b3824	683	668	2
b3826	789	763	1
b3832	975	954	1
b3838	412	412	1
b3843	1048	1030	1
b3848	736	724	1
b3850	498	486	1
b3857	566	548	1
b3863	1911	1900	1
b3886	827	810	1
b3891	883	858	1
b3906	759	728	1
b3915	677	670	1
b3917	1070	1052	1
b3924	841	834	1
b3931	1096	1091	1
b3937	693	641	1
b3941	801	668	1
b3944	739	676	2
b3950	390	381	2
b3951	1892	1813	1
b3958	925	912	1
b3962	1037	1035	1
b3973	838	674	1
b3983	331	324	1
b3986	264	261	5
b3990	1087	1007	1
b3993	745	728	1
b3995	377	369	1
b3998	794	763	2
b4000	81	80	2
b4001	701	686	1
b4012	619	596	1
b4013	858	855	1
b4020	1339	1287	1
b4025	1384	1252	1
b4034	965	940	1
b4037	918	907	1
b4044	1210	1188	1
b4053	969	954	1
b4057	376	364	1
b4060	312	307	3
b4065	1291	1282	2
b4070	1141	1103	1
b4076	661	645	1
b4080	1381	1308	1
b4111	1133	1102	1
b4116	758	727	1
b4123	1011	1000	1
b4136	1392	1376	1
b4143	1404	1375	1
b4152	458	411	2
b4155	778	777	1
b4161	963	957	1
b4168	426	422	1
b4169	1096	1089	1
b4172	210	206	1
b4175	706	672	1
b4177	1152	1135	1
b4188	215	209	1
b4189	337	328	2
b4190	778	769	1
b4194	410	385	1
b4196	818	791	1
b4199	382	370	3
b4202	93	90	1
b4206	654	652	2
b4211	933	908	1
b4220	1453	1445	1
b4232	920	819	1
b4235	1227	1210	1
b4241	1056	1043	1
b4242	1965	1935	1
b4262	1171	1149	1
b4352	1147	1129	2
b4360	574	544	3
b4361	641	639	1
b4364	769	759	1
b4372	523	513	1
b4376	677	666	1
b4382	1518	1487	1
b4388	987	982	1
b4392	1786	1761	1
b4400	1319	1267	1
b4461	1147	1094	1
b4476	1353	1334	1
b4484	318	305	2
b4485	1638	1566	1
b4592	73	70	1
b4595	122	118	2
b4601	96	89	20
b4613	78	69	3
b4670	77	51	5
b4676	111	103	3
b4685	32	31	2
b4702	38	36	4
b4703	68	66	3
EAKF1_RS07940	147	139	6
ECs4266	835	830	1
EFER_RS09440	139	125	5
NCTC12129_00311	1676	1657	1
b0002	2035	2028	1
b0015	1178	1117	1
b0024	209	181	1
b0026	2135	2128	1
b0035	716	680	1
b0039	1070	1057	1
b0041	792	774	1
b0046	738	710	1
b0050	350	346	1
b0052	989	967	1
b0055	768	754	2
b0060	2153	2046	1
b0068	1121	1113	1
b0074	1337	1329	1
b0080	898	892	1
b0086	1242	1240	1
b0088	1311	1241	1
b0094	957	950	1
b0098	1902	1899	1
b0112	1045	1004	1
b0118	2256	2248	1
b0127	904	889	1
b0130	1243	1184	1
b0146	610	601	2
b0148	2300	2235	1
b0156	358	358	1
b0158	784	769	3
b0163	431	401	1
b0167	1789	1780	1
b0176	1162	1159	1
b0181	707	706	1
b0185	899	878	1
b0192	722	693	1
b0196	397	396	1
b0197	853	847	1
b0212	1037	993	1
b0222	684	572	1
b0231	1099	1070	1
b0239	1163	1157	1
b0366	1015	987	1
b0375	686	646	1
b0379	249	243	1
b0380	182	180	1
b0381	1009	909	1
b0389	189	182	1
b0390	612	608	1
b0398	1165	1159	1
b0401	1147	1143	1
b0403	1776	1683	1
b0413	452	446	1
b0415	403	402	1
b0419	1196	1145	1
b0424	798	717	1
b0428	737	639	1
b0434	587	585	1
b0437	495	486	1
b0438	1040	1035	1
b0444	800	738	1
b0448	1652	1633	1
b0453	636	625	1
b0459	674	622	1
b0464	995	847	1
b0468	406	378	4
b0469	613	611	1
b0472	657	626	1
b0475	947	940	1
b0481	586	584	2
b0484	2138	2128	1
b0494	589	554	1
b0521	1081	1028	1
b0524	890	887	1
b0571	634	609	1
b0578	1001	903	1
b0596	901	851	1
b0605	473	464	1
b0607	455	452	1
b0610	363	363	1
b0613	901	857	1
b0617	255	247	1
b0627	183	180	6
b0628	848	845	1
b0635	1547	1540	1
b0641	569	568	1
b0651	1038	1003	1
b0655	925	910	1
b0674	1456	1438	1
b0679	1616	1594	1
b0687	398	398	2
b0694	992	867	1
b0699	254	248	2
b0707	574	558	1
b0708	1383	1339	1
b0712	1043	1022	1
b0720	934	907	1
b0727	1222	1216	1
b0733	1028	1019	1
b0739	802	796	12
b0753	475	461	6
b0756	1097	1076	2
b0760	1346	1309	1
b0773	585	573	1
b0774	1381	1356	1
b0781	1069	1064	1
b0785	567	529	1
b0791	478	467	6
b0792	1081	1065	1
b0796	766	659	1
b0802	360	352	13
b0803	670	639	1
b0807	996	968	1
b0812	467	461	1
b0814	473	471	3
b0818	1061	1030	1
b0826	873	780	1
b0828	912	877	1
b0831	1072	1042	1
b0836	312	306	3
b0842	1254	1216	1
b0848	317	303	2
b0850	340	325	2
b0854	1265	1237	1
b0858	519	498	2
b0862	804	802	1
b0865	628	620	1
b0870	1246	1235	1
b0873	1568	1554	1
b0879	1673	1632	1
b0889	419	416	1
b0891	581	568	1
b0896	1016	989	2
b0903	1577	1573	1
b0908	1208	1131	1
b0915	921	910	1
b0919	865	849	1
b0923	621	616	1
b0926	486	479	1
b0928	1147	1140	1
b0931	1141	1134	1
b0945	1079	1074	1
b0949	1689	1675	1
b0953	129	125	1
b0954	634	632	1
b0961	480	422	1
b0964	649	638	1
b0967	1267	1161	1
b0975	649	634	1
b0995	659	639	1
b1000	910	897	1
b1034	808	794	1
b1037	762	735	1
b1049	1943	1916	1
b1061	324	310	1
b1065	1358	1308	1
b1071	357	352	4
b1074	539	525	1
b1078	985	932	1
b1080	1171	1147	1
b1085	165	144	1
b1086	903	836	1
b1091	931	926	1
b1094	123	121	1
b1096	755	744	2
b1099	1063	1061	1
b1108	586	580	1
b1111	637	569	1
b1113	1010	975	1
b1117	796	795	1
b1123	1059	1044	1
b1129	1269	1250	1
b1134	560	472	1
b1136	1692	1682	1
b1189	1310	1290	1
b1193	636	631	1
b1205	271	268	3
b1206	1475	1444	1
b1213	386	375	2
b1214	792	774	1
b1218	823	778	1
b1223	1221	1207	1
b1232	817	747	1
b1237	341	294	1
b1241	1723	1714	1
b1247	1023	1012	1
b1252	896	884	17
b1261	1287	1264	1
b1265	59	58	4
b1266	897	885	1
b1270	779	755	1
b1274	2140	2125	1
b1282	571	560	1
b1286	1725	1707	1
b1294	1477	1447	1
b1323	1301	1288	1
b1329	1486	1461	1
b1344	1270	1255	1
b1381	2312	2246	1
b1423	1443	1400	1
b1430	787	641	1
b1477	382	363	2
b1482	589	558	1
b1521	1637	1621	1
b1530	574	545	1
b1540	800	789	1
b1592	1406	1315	1
b1597	363	355	9
b1600	554	540	1
b1604	946	940	1
b1606	830	821	1
b1611	1292	1204	1
b1621	1758	1715	1
b1626	450	431	3
b1630	1147	1071	1
b1636	998	823	1
b1642	474	428	1
b1646	598	589	2
b1648	328	314	2
b1650	1361	1279	1
b1659	802	783	1
b1662	637	617	1
b1667	373	362	2
b1675	223	207	1
b1676	1304	1291	1
b1682	1152	1113	1
b1685	185	178	1
b1688	1004	985	1
b1702	1936	1925	1
b1709	736	729	1
b1712	187	183	1
b1714	1069	1067	1
b1723	1059	933	1
b1726	562	555	1
b1729	1547	1507	1
b1745	1421	1369	1
b1749	925	919	1
b1757	1411	1348	1
b1766	1794	1784	1
b1782	839	832	1
b1793	303	289	1
b1807	864	862	1
b1810	411	384	2
b1811	221	198	1
b1815	1581	1503	1
b1819	727	717	1
b1826	146	133	5
b1829	936	930	1
b1833	1331	1307	1
b1840	1010	973	1
b1845	1801	1733	1
b1853	768	754	1
b1855	895	859	1
b1859	994	942	2
b1864	776	747	1
b1871	1107	1021	2
b1900	1553	1523	1
b1908	780	760	1
b1914	845	807	1
b1919	1319	1307	1
b1927	1770	1718	1
b1961	1381	1371	1
b1976	688	673	1
b2007	262	259	1
b2014	1556	1550	1
b2078	1424	1416	1
b2086	1109	1094	1
b2099	1099	1086	1
b2104	949	933	1
b2126	1387	1239	1
b2132	1976	1964	1
b2145	286	262	2
b2146	1232	1198	1
b2151	1154	997	1
b2158	938	933	1
b2165	1143	1089	1
b2171	696	689	1
b2174	766	713	1
b2177	1718	1590	1
b2183	706	575	1
b2186	996	996	1
b2195	688	680	1
b2197	453	449	1
b2200	683	675	5
b2205	674	668	1
b2209	585	565	1
b2212	874	835	2
b2214	1127	1117	1
b2218	2082	1932	1
b2237	617	583	1
b2240	1206	1077	1
b2249	1128	1101	1
b2255	1594	1547	1
b2262	928	926	1
b2266	317	310	4
b2268	917	902	1
b2277	1317	1315	1
b2283	2107	2100	1
b2291	719	708	1
b2295	491	486	1
b2297	1840	1613	1
b2307	715	709	1
b2309	824	804	1
b2316	757	753	1
b2319	1028	1026	2
b2323	1154	1113	1
b2328	1055	1035	1
b2340	477	465	1
b2341	1913	1837	1
b2381	786	765	1
b2386	1287	1242	1
b2398	385	361	3
b2399	392	375	2
b2410	972	954	1
b2414	1022	1017	1
b2423	1023	1018	1
b2428	829	822	1
b2434	492	489	2
b2439	817	803	1
b2463	1975	1873	1
b2473	923	892	1
b2476	807	802	1
b2478	697	697	1
b2493	861	831	1
b2499	979	951	1
b2504	155	144	1
b2505	544	526	2
b2508	1308	1240	1
b2513	521	518	1
b2517	787	781	1
b2524	334	321	1
b2527	536	531	1
b2530	1169	1159	1
b2536	1023	992	1
b2550	1262	1207	1
b2556	1204	1186	1
b2561	831	814	1
b2565	642	629	1
b2567	656	654	1
b2571	942	930	1
b2576	1065	1057	1
b2583	816	792	1
b2587	1043	1003	1
b2594	969	847	1
b2601	977	897	1
b2609	172	171	1
b2610	1226	1217	1
b2619	396	393	1
b2665	420	410	1
b2669	411	406	3
b2672	401	374	1
b2677	1120	1100	1
b2682	636	610	1
b2687	588	586	1
b2689	409	397	2
b2690	695	678	1
b2699	645	642	1
b2709	1329	1308	1
b2722	1131	1122	1
b2727	880	879	1
b2741	1321	1037	1
b2745	1058	1047	1
b2752	1045	1039	1
b2763	1711	1664	1
b2781	809	791	1
b2790	465	461	1
b2791	726	713	1
b2795	1185	1180	1
b2802	1668	1598	1
b2811	437	428	1
b2813	969	961	1
b2820	2570	2414	1
b2828	843	837	1
b2833	174	171	1
b2834	1114	1086	1
b2838	1206	1177	1
b2843	872	851	1
b2892	1551	1525	1
b2901	1220	1172	1
b2907	1320	1315	1
b2910	182	181	1
b2914	606	594	1
b2923	877	846	1
b2935	603	461	1
b2938	1418	1410	1
b2946	779	776	2
b2950	1116	1071	1
b2957	996	986	1
b2961	1215	1116	1
b2988	1473	1359	1
b2997	883	874	1
b3002	385	367	1
b3008	1139	1118	1
b3017	1375	1363	1
b3028	837	816	2
b3033	357	347	1
b3037	652	650	2
b3040	768	760	1
b3049	205	198	2
b3054	1227	1215	1
b3058	368	331	1
b3059	496	483	1
b3064	1029	958	1
b3068	574	551	1
b3071	593	592	2
b3074	414	389	2
b3076	2258	2199	1
b3089	1072	1065	1
b3094	853	827	1
b3098	305	305	1
b3101	574	554	1
b3107	191	187	1
b3113	371	368	1
b3117	894	887	1
b3119	555	442	3
b3127	1304	1254	1
b3152	736	704	1
b3156	598	594	2
b3161	1151	1144	1
b3165	214	212	3
b3166	906	896	1
b3170	353	350	1
b3175	574	572	2
b3177	825	806	1
b3181	436	434	1
b3184	972	963	1
b3189	1134	1114	1
b3198	554	551	1
b3200	464	461	1
b3204	387	384	2
b3206	330	328	1
b3208	696	671	1
b3212	2812	2792	1
b3230	250	248	1
b3233	342	338	1
b3236	923	917	1
b3240	1691	1661	1
b3249	463	459	1
b3252	1634	1596	1
b3260	592	579	1
b3279	510	499	1
b3283	519	480	1
b3294	213	209	1
b3295	550	547	1
b3297	196	196	1
b3299	50	50	1
b3301	396	395	1
b3306	204	201	1
b3309	231	227	1
b3312	125	125	2
b3316	91	87	1
b3318	164	161	1
b3320	395	391	1
b3344	365	362	1
b3347	611	601	1
b3352	1550	1434	1
b3361	807	787	2
b3365	1922	1883	1
b3389	915	835	1
b3393	536	505	3
b3396	1853	1838	1
b3403	1420	1393	1
b3412	810	736	1
b3414	618	616	1
b3424	877	853	1
b3429	1153	1150	1
b3431	1647	1508	1
b3439	879	800	1
b3451	946	933	1
b3456	1268	1254	1
b3463	632	629	1
b3466	302	273	1
b3468	679	669	1
b3472	538	531	1
b3475	611	598	1
b3476	1439	1338	1
b3486	2119	2074	1
b3503	511	497	1
b3506	457	447	1
b3510	246	238	2
b3515	617	597	1
b3522	784	765	1
b3526	955	940	2
b3529	1577	1529	1
b3542	1029	1023	1
b3548	739	652	2
b3554	642	635	1
b3555	274	254	1
b3561	861	839	1
b3590	1608	1531	1
b3602	474	469	3
b3604	724	698	1
b3607	873	871	1
b3613	1058	1054	1
b3619	1037	986	1
b3635	902	893	1
b3642	748	718	2
b3647	1471	1323	1
b3654	1164	1153	1
b3667	1154	1115	1
b3672	119	116	53
b3673	1210	1204	2
b3687	390	385	1
b3697	825	809	1
b3701	1009	1007	1
b3705	1335	1325	1
b3726	973	958	1
b3730	1400	1324	1
b3736	308	303	1
b3739	307	303	2
b3741	1906	1821	1
b3748	427	419	1
b3753	989	940	1
b3769	215	213	1
b3772	1315	1289	1
b3780	1022	1016	1
b3785	898	883	1
b3788	923	891	1
b3793	1033	1004	1
b3802	1105	997	1
b3809	812	810	1
b3812	740	731	3
b3822	1305	1296	1
b3827	899	893	2
b3834	616	580	2
b3836	125	124	1
b3839	529	514	1
b3844	610	602	1
b3847	1229	1224	1
b3856	528	509	1
b3859	900	888	1
b3867	1094	1090	1
b3870	1043	1037	1
b3888	934	919	1
b3908	736	733	1
b3912	719	660	1
b3918	689	672	1
b3921	434	409	1
b3925	898	889	1
b3933	830	824	4
b3936	154	150	2
b3938	281	276	1
b3940	1822	1815	1
b3945	1059	1028	1
b3953	402	383	1
b3955	1170	1164	1
b3959	810	718	1
b3963	369	360	1
b3964	351	348	1
b3967	662	620	1
b3974	732	728	1
b3987	2441	2425	1
b3997	1085	1080	1
b4002	452	437	1
b4006	1473	1467	1
b4019	2517	2479	1
b4032	895	881	1
b4036	864	832	1
b4041	1612	1579	1
b4054	1299	1288	1
b4059	553	551	3
b4068	289	274	2
b4069	1693	1654	1
b4075	405	397	3
b4077	1076	998	1
b4107	588	544	1
b4108	429	426	2
b4112	1315	1284	1
b4117	1753	1697	1
b4138	965	958	1
b4142	206	206	1
b4144	373	368	1
b4147	508	506	1
b4149	610	560	1
b4153	741	741	1
b4160	965	953	1
b4166	1159	1151	1
b4171	743	735	1
b4174	930	928	1
b4178	340	316	1
b4186	1230	1164	1
b4191	718	704	1
b4193	1519	1331	1
b4200	253	253	1
b4207	788	778	1
b4212	449	445	1
b4217	153	146	2
b4219	711	677	1
b4222	242	169	1
b4227	1082	1048	1
b4233	1352	1333	1
b4238	1725	1721	1
b4244	596	592	1
b4256	457	444	1
b4259	479	469	1
b4261	1096	1094	1
b4322	1059	1052	1
b4359	1954	1926	1
b4371	1222	1158	2
b4379	964	943	1
b4384	769	723	1
b4387	713	666	1
b4391	1461	1450	1
b4397	404	379	2
b4399	1410	1358	1
b4410	147	145	5
b4455	175	157	2
b4472	2875	2822	1
b4502	318	301	1
b4529	307	288	1
b4542	84	84	1
b4546	314	274	1
b4553	311	288	2
b4558	214	209	2
b4596	160	150	1
b4606	51	46	1
b4620	257	248	1
b4687	87	83	9
C_RS24035	1321	1286	1
NCTC12129_01305	874	839	2
b0003	868	843	1
b0008	979	975	1
b0013	491	482	1
b0018	254	228	7
b0019	952	944	1
b0027	393	384	1
b0029	1022	1020	1
b0032	1246	1240	1
b0037	1515	1419	1
b0043	1265	1253	1
b0051	764	763	1
b0054	1799	1790	1
b0063	1411	1394	1
b0067	1685	1606	2
b0075	99	97	6
b0076	857	798	1
b0081	401	394	1
b0083	328	324	1
b0084	1571	1555	1
b0091	1249	1226	1
b0095	916	914	1
b0101	182	174	2
b0103	608	605	3
b0106	1177	1111	2
b0113	663	623	1
b0115	1668	1658	2
b0121	741	714	1
b0126	580	572	1
b0129	437	431	1
b0131	420	416	1
b0142	413	383	1
b0143	1232	1228	1
b0152	953	952	1
b0154	1221	1148	1
b0157	654	622	1
b0161	1165	1163	1
b0168	725	712	1
b0172	449	447	1
b0175	764	759	1
b0178	373	368	1
b0180	362	352	1
b0182	1135	1126	2
b0189	294	288	1
b0191	432	412	2
b0195	816	811	2
b0199	1076	1069	1
b0213	685	675	1
b0220	457	445	1
b0223	781	776	1
b0234	589	557	1
b0238	480	469	1
b0242	1019	1014	1
b0368	1112	1012	1
b0377	1318	1237	1
b0384	414	393	1
b0388	429	416	1
b0391	376	312	1
b0394	1182	979	1
b0400	1225	1210	1
b0405	1010	908	1
b0410	449	375	1
b0411	788	740	1
b0416	332	324	1
b0420	1489	1409	1
b0426	597	588	1
b0429	335	333	3
b0431	1506	1472	1
b0441	1580	1476	1
b0446	906	876	1
b0451	1204	1197	1
b0456	375	360	2
b0460	175	169	1
b0461	312	299	1
b0463	1009	998	1
b0467	626	616	1
b0470	1437	1432	1
b0477	1309	1291	1
b0485	920	902	1
b0490	678	665	1
b0491	768	666	1
b0495	869	860	1
b0522	1073	1064	1
b0528	259	252	2
b0529	801	785	1
b0580	347	339	7
b0593	1286	1246	1
b0599	1147	1121	1
b0611	856	827	1
b0615	1352	1332	1
b0632	941	934	1
b0636	555	550	1
b0640	1114	1111	1
b0653	859	843	1
b0658	795	761	1
b0662	1190	1180	1
b0676	1138	1132	1
b0682	496	408	1
b0685	205	202	1
b0686	887	772	1
b0696	650	619	1
b0698	1873	1596	1
b0710	763	760	1
b0713	830	818	2
b0721	328	326	3
b0724	803	793	1
b0729	966	923	1
b0734	1069	1067	2
b0740	1100	1093	1
b0757	1175	1170	1
b0762	128	124	4
b0763	842	831	1
b0772	1171	1166	1
b0777	738	734	2
b0778	694	662	1
b0782	573	567	1
b0784	409	409	3
b0786	788	771	1
b0793	1113	1077	1
b0799	1721	1682	1
b0806	288	282	2
b0809	719	710	1
b0811	712	704	1
b0815	1301	1242	1
b0824	1063	1048	1
b0829	1580	1538	1
b0835	1173	1165	1
b0845	1196	1161	1
b0853	369	362	1
b0855	1297	1269	1
b0861	832	821	1
b0864	694	693	1
b0869	1494	1343	1
b0874	846	844	1
b0878	988	958	1
b0884	110	109	2
b0887	1610	1602	1
b0892	1361	1297	1
b0902	867	714	1
b0904	722	710	1
b0907	1019	1016	1
b0912	236	196	1
b0914	1005	1001	1
b0918	795	735	1
b0922	1102	1099	1
b0927	708	694	1
b0929	685	601	1
b0932	2093	2058	1
b0948	1989	1890	1
b0956	437	398	1
b0958	457	447	5
b0963	475	475	1
b0966	362	357	1
b0968	387	354	1
b0970	678	674	1
b0974	621	612	1
b0977	838	811	2
b1003	222	216	2
b1013	763	758	1
b1035	715	695	1
b1046	1249	1187	1
b1054	790	786	1
b1057	714	678	1
b1062	1046	1011	1
b1069	1361	1350	1
b1077	1097	1075	2
b1081	1028	978	1
b1084	2194	2176	1
b1095	1132	1088	1
b1103	331	291	1
b1105	788	772	2
b1109	1260	1249	1
b1116	1224	1220	1
b1119	1099	1070	1
b1126	852	833	1
b1131	1276	1243	1
b1174	188	173	1
b1175	605	601	1
b1185	553	548	1
b1188	1199	1183	1
b1192	863	858	1
b1204	753	675	1
b1208	778	756	1
b1211	1235	1227	1
b1217	343	308	2
b1219	490	484	1
b1222	1577	1458	1
b1233	507	475	1
b1236	684	670	1
b1242	585	575	1
b1245	980	947	1
b1248	359	351	1
b1250	858	847	1
b1254	561	536	1
b1260	1031	932	1
b1264	1640	1628	1
b1272	1020	1009	3
b1277	514	450	1
b1278	795	762	1
b1281	734	720	1
b1283	330	321	13
b1288	727	726	2
b1291	1002	998	1
b1295	308	300	2
b1304	735	726	1
b1322	1180	1150	1
b1326	910	869	1
b1335	735	713	2
b1343	1516	1487	1
b1382	173	171	1
b1412	867	841	1
b1418	630	617	1
b1422	1028	1015	1
b1426	217	204	2
b1428	1154	1118	1
b1448	649	610	1
b1479	1591	1559	1
b1524	873	857	1
b1531	421	376	1
b1539	847	726	1
b1593	677	670	1
b1595	965	920	1
b1599	470	453	3
b1602	1471	1415	1
b1607	401	396	2
b1610	967	958	1
b1614	1412	1395	1
b1623	1037	975	1
b1628	735	725	3
b1633	871	770	1
b1638	694	692	1
b1641	446	445	5
b1644	1092	1023	1
b1651	515	511	1
b1654	323	320	1
b1657	1348	1305	1
b1663	1388	1378	1
b1677	110	110	1
b1678	985	960	1
b1683	1634	1466	1
b1692	993	968	1
b1704	1182	1160	1
b1708	476	469	1
b1710	750	728	2
b1713	2200	2195	1
b1725	842	834	2
b1733	860	826	1
b1744	1095	1069	1
b1748	1374	1326	1
b1753	601	584	1
b1760	369	353	2
b1761	1327	1311	1
b1777	394	342	1
b1778	551	538	1
b1781	929	870	1
b1792	357	342	1
b1805	1512	1500	1
b1813	750	725	1
b1816	1431	1421	1
b1824	89	68	1
b1825	259	255	5
b1827	795	786	1
b1832	564	560	1
b1835	1558	1502	1
b1842	252	228	1
b1844	754	724	1
b1848	284	266	1
b1851	1815	1804	1
b1856	1361	1348	1
b1863	717	679	1
b1869	474	458	2
b1874	881	870	1
b1897	757	748	2
b1902	486	467	1
b1904	429	409	1
b1907	1512	1499	1
b1918	925	909	1
b1925	581	563	1
b1928	582	571	2
b1937	520	505	1
b1958	1160	1115	1
b1970	504	487	1
b1972	828	820	1
b1983	761	735	1
b2016	1286	1282	1
b2077	1752	1682	1
b2097	1247	1227	1
b2101	725	719	1
b2105	310	291	1
b2113	1067	1063	1
b2130	1293	1263	1
b2134	868	858	1
b2136	611	594	1
b2144	595	570	1
b2148	993	975	1
b2150	1075	1045	1
b2156	1106	1084	1
b2167	1457	1423	1
b2173	1034	954	1
b2176	1437	1364	1
b2181	336	326	1
b2184	1655	1604	1
b2194	955	944	1
b2198	226	223	7
b2201	644	632	1
b2204	860	855	1
b2210	1377	1348	1
b2216	2141	2125	1
b2234	1694	1685	1
b2242	1254	1247	1
b2250	630	604	2
b2253	1246	1215	1
b2259	269	257	1
b2260	1220	1205	1
b2264	1591	1580	1
b2279	343	340	1
b2280	645	642	2
b2281	570	566	1
b2284	1217	1206	1
b2289	968	918	1
b2293	705	675	1
b2298	1253	1210	1
b2302	773	733	1
b2308	819	814	1
b2313	452	417	1
b2315	1213	1211	1
b2321	973	947	1
b2324	1773	1719	1
b2331	942	877	1
b2344	788	769	1
b2347	893	871	1
b2382	960	903	1
b2388	919	905	1
b2393	917	903	1
b2411	1514	1506	1
b2418	808	794	1
b2424	949	943	1
b2431	871	868	1
b2436	946	932	1
b2464	1104	1002	1
b2470	2695	2579	1
b2479	483	455	1
b2480	369	362	2
b2496	567	565	1
b2498	645	630	1
b2501	1459	1363	1
b2512	1091	1087	1
b2515	1058	1030	1
b2523	1327	1222	1
b2534	988	932	1
b2544	1047	990	1
b2551	1307	1303	1
b2557	2832	2755	1
b2570	525	522	1
b2572	646	639	1
b2577	839	776	1
b2582	505	450	1
b2584	1925	1909	1
b2595	614	607	1
b2602	390	354	1
b2603	472	457	3
b2607	654	644	1
b2616	1383	1372	1
b2666	200	192	3
b2668	596	558	1
b2673	393	388	1
b2678	1036	1026	1
b2683	340	335	3
b2684	715	680	1
b2688	1273	1217	1
b2700	549	546	1
b2708	922	917	1
b2713	643	627	1
b2723	1628	1613	2
b2733	1948	1939	1
b2747	723	721	1
b2753	1092	1024	1
b2764	1823	1815	1
b2785	1243	1204	1
b2792	364	353	1
b2794	932	903	1
b2799	1087	1074	1
b2805	550	536	1
b2807	447	443	1
b2809	233	228	2
b2812	814	743	1
b2819	1381	1355	1
b2823	349	318	3
b2824	522	490	2
b2825	601	582	1
b2827	744	743	1
b2832	590	577	2
b2836	1819	1803	1
b2841	1238	1207	1
b2893	740	735	1
b2896	460	421	2
b2899	676	668	1
b2904	473	472	1
b2906	1249	1242	1
b2909	583	577	2
b2913	1044	1042	1
b2925	1013	1009	1
b2936	882	869	1
b2943	1194	1178	1
b2948	660	658	1
b2953	350	338	1
b2954	859	858	1
b2959	422	405	1
b2962	331	284	1
b2964	946	933	1
b2989	1031	995	1
b2995	978	974	1
b2998	275	267	1
b3005	503	479	1
b3010	889	851	1
b3014	247	234	1
b3018	651	609	1
b3024	402	393	2
b3026	1277	1247	1
b3034	623	540	1
b3039	974	847	1
b3053	2170	2032	1
b3062	656	634	1
b3066	1288	1281	1
b3072	1539	1480	1
b3084	1125	1113	1
b3088	955	857	1
b3092	1254	1226	1
b3097	329	324	4
b3100	316	303	1
b3106	774	756	1
b3115	1190	1174	1
b3126	901	877	1
b3148	441	407	1
b3150	647	641	1
b3155	379	372	1
b3157	517	511	1
b3160	1169	1137	1
b3164	1470	1459	1
b3172	1020	1014	1
b3179	431	405	1
b3180	195	195	1
b3183	1113	1107	3
b3188	301	280	1
b3191	305	302	2
b3194	613	613	1
b3197	889	883	1
b3202	1222	1213	1
b3211	929	846	1
b3221	507	501	1
b3222	886	849	3
b3226	610	584	1
b3228	541	534	3
b3234	1180	1166	1
b3239	241	230	2
b3242	217	216	3
b3244	1317	1311	1
b3250	760	746	1
b3255	302	300	4
b3257	338	338	4
b3258	1370	1354	1
b3281	714	695	1
b3289	1105	1002	1
b3298	157	157	1
b3302	116	116	1
b3304	167	166	1
b3305	386	385	1
b3310	122	121	1
b3314	361	355	1
b3321	144	144	1
b3340	1199	1185	1
b3353	917	909	1
b3357	643	636	1
b3362	218	203	1
b3363	620	610	1
b3366	396	392	1
b3368	1244	1228	1
b3386	711	703	1
b3391	1252	1175	1
b3398	1693	1654	2
b3405	869	837	1
b3407	1781	1769	1
b3418	2511	2414	1
b3433	934	932	1
b3437	396	387	1
b3440	1046	1028	1
b3452	1031	1010	1
b3457	1047	1044	2
b3464	1128	1115	1
b3470	384	373	1
b3473	1352	1188	1
b3479	800	785	2
b3481	473	460	2
b3487	1112	1092	1
b3498	1694	1678	1
b3509	278	268	1
b3511	454	440	1
b3520	630	583	2
b3523	1193	1176	1
b3527	1115	1106	1
b3541	1045	1036	1
b3546	1159	1143	1
b3551	1866	1804	1
b3563	356	340	1
b3591	1163	1156	1
b3601	400	388	1
b3603	1316	1301	1
b3609	379	376	1
b3611	379	376	1
b3614	755	750	1
b3617	1173	1166	1
b3633	930	927	1
b3641	534	532	1
b3646	540	539	1
b3649	204	204	1
b3650	1464	1458	1
b3655	1429	1389	1
b3669	703	684	1
b3674	522	506	1
b3685	1346	1327	1
b3699	1759	1755	1
b3712	731	719	1
b3713	692	659	1
b3728	1045	1027	1
b3733	562	557	1
b3734	1220	1209	1
b3743	528	487	1
b3746	1361	1238	1
b3752	877	868	1
b3755	464	453	1
b3771	1604	1590	1
b3781	300	255	1
b3783	932	927	1
b3787	1109	1101	1
b3791	1049	1042	1
b3800	1184	1111	1
b3807	477	470	1
b3810	736	730	1
b3813	1785	1711	1
b3828	781	757	1
b3833	599	598	1
b3835	1178	1173	1
b3846	1828	1815	1
b3858	295	291	1
b3860	630	610	1
b3866	456	449	3
b3869	862	856	1
b3885	638	624	1
b3887	443	439	1
b3892	452	440	1
b3905	956	916	1
b3911	1326	1247	1
b3920	525	512	1
b3923	297	290	1
b3928	156	128	1
b3929	452	441	1
b3932	434	432	1
b3934	732	718	1
b3939	1087	1080	1
b3942	1572	1537	1
b3952	891	870	1
b3956	1657	1649	1
b3961	864	852	1
b3965	952	895	1
b3981	292	282	1
b3984	559	555	1
b3991	791	781	1
b3992	806	767	1
b3994	1633	1613	1
b4003	175	171	1
b4004	1307	1284	1
b4018	696	688	1
b4021	755	740	1
b4024	1214	1143	1
b4030	442	434	1
b4033	1309	1284	1
b4040	635	599	1
b4043	585	583	1
b4050	317	309	2
b4052	1014	1005	1
b4056	459	453	3
b4058	2054	1748	1
b4072	626	617	1
b4074	1488	1454	1
b4082	1090	1056	1
b4113	703	689	1
b4114	1231	1213	1
b4125	1295	1275	1
b4139	1033	976	1
b4146	1047	1039	1
b4150	1127	1063	1
b4159	2081	2061	1
b4170	1547	1530	1
b4176	222	219	6
b4180	811	754	1
b4187	1566	1438	1
b4195	681	641	1
b4198	896	872	1
b4203	373	355	1
b4210	937	900	1
b4218	879	870	1
b4226	489	484	1
b4230	1272	1245	1
b4234	650	643	1
b4237	505	503	1
b4240	1656	1556	1
b4246	95	81	2
b4255	500	492	5
b4258	2399	2248	1
b4354	1695	1687	1
b4363	513	508	1
b4367	883	869	2
b4374	793	761	1
b4381	897	895	1
b4386	1206	1188	1
b4390	1120	1025	1
b4395	732	726	1
b4398	745	724	1
b4402	90	78	2
b4403	918	902	1
b4469	1709	1657	1
b4480	661	615	1
b4483	790	772	1
b4515	113	110	1
b4523	176	161	2
b4535	117	111	1
b4537	349	341	1
b4547	181	172	10
b4555	306	287	2
b4568	167	167	3
b4598	90	84	1
b4602	107	106	2
b4637	47	45	2
b4669	76	76	5
b4675	91	76	3
b4684	115	102	29
b4705	105	102	1
ECs0267	383	365	1
ECs4702	1372	1358	1
NCTC12129_03503	20	20	2
NCTC12130_00627	574	572	1